frame,seconds,pass,x,y,z,speed,yaw,view_yaw,left_toe_x,left_toe_y,left_toe_z,right_toe_x,right_toe_y,right_toe_z,walk_weight,gait_rate,left_hand_x,left_hand_y,left_hand_z,right_hand_x,right_hand_y,right_hand_z,walk_phase,gather_weight,gather_phase,gather_starts,forage_x,forage_y,water_weight,water_phase,water_starts,tool_visible,tool_x,tool_y,tool_z,can_pitch,water_stock,plot_moisture,tool_scale,tool_radius,plot_weeds,clear_weight,clear_phase,clear_starts,hatchet_visible,hatchet_pitch,hatchet_scale,hatchet_radius,hatchet_x,hatchet_y,hatchet_z,branch_stock,fiber_stock,resource_cleared,energy
0,0.1363,close-notes,-1000.000,0.000,88.150,0.000,0.000,15.000,-987.007,-7.889,3.238,-985.670,9.560,3.238,0.0000,0.0000,-992.659,-21.729,83.011,-995.313,21.663,83.011,0.0000,0.0000,0.0000,0,0.000,0.000,0.0000,0.0000,0,0,-995.313,21.663,83.011,0.000,0,-1.000000,1.000,28.924,-1.000000,0.0000,0.0000,0,0,0.000,1.000,19.607,-995.313,21.663,83.011,0,0,-1,99.997287
1,0.2690,close-notes,-1000.000,0.000,88.150,0.000,0.000,15.000,-987.007,-7.889,3.238,-985.670,9.560,3.238,0.0000,0.0000,-992.589,-21.721,83.022,-995.242,21.664,83.022,0.0000,0.0000,0.0000,0,0.000,0.000,0.0000,0.0000,0,0,-995.242,21.664,83.022,0.000,0,-1.000000,1.000,28.924,-1.000000,0.0000,0.0000,0,0,0.000,1.000,19.607,-995.242,21.664,83.022,0,0,-1,99.995164
2,0.4062,close-notes,-1000.000,0.000,88.150,0.000,0.000,15.000,-987.007,-7.889,3.238,-985.670,9.560,3.238,0.0000,0.0000,-992.591,-21.722,83.021,-995.245,21.664,83.022,0.0000,0.0000,0.0000,0,0.000,0.000,0.0000,0.0000,0,0,-995.245,21.664,83.022,0.000,0,-1.000000,1.000,28.924,-1.000000,0.0000,0.0000,0,0,0.000,1.000,19.607,-995.245,21.664,83.022,0,0,-1,99.992968
3,0.5407,close-notes,-1000.000,0.000,88.150,0.000,0.000,15.000,-987.007,-7.889,3.238,-985.670,9.560,3.238,0.0000,0.0000,-992.682,-21.731,83.012,-995.336,21.662,83.012,0.0000,0.0000,0.0000,0,0.000,0.000,0.0000,0.0000,0,0,-995.336,21.662,83.012,0.000,0,-1.000000,1.000,28.924,-1.000000,0.0000,0.0000,0,0,0.000,1.000,19.607,-995.336,21.662,83.012,0,0,-1,99.990816
4,0.6673,close-notes,-1000.000,0.000,88.150,0.000,0.000,15.000,-987.007,-7.889,3.238,-985.670,9.560,3.238,0.0000,0.0000,-992.749,-21.738,83.006,-995.403,21.661,83.006,0.0000,0.0000,0.0000,0,0.000,0.000,0.0000,0.0000,0,0,-995.403,21.661,83.006,0.000,0,-1.000000,1.000,28.924,-1.000000,0.0000,0.0000,0,0,0.000,1.000,19.607,-995.403,21.661,83.006,0,0,-1,99.988796
5,0.7979,close-notes,-1000.000,0.000,88.150,0.000,0.000,15.000,-987.007,-7.889,3.238,-985.670,9.560,3.238,0.0000,0.0000,-992.822,-21.746,82.987,-995.476,21.660,82.988,0.0000,0.0000,0.0000,0,0.000,0.000,0.0000,0.0000,0,0,-995.476,21.660,82.988,0.000,0,-1.000000,1.000,28.924,-1.000000,0.0000,0.0000,0,0,0.000,1.000,19.607,-995.476,21.660,82.988,0,0,-1,99.986702
6,0.9373,close-notes,-1000.000,0.000,88.150,0.000,0.000,15.000,-987.007,-7.889,3.238,-985.670,9.560,3.238,0.0000,0.0000,-992.920,-21.756,82.973,-995.575,21.658,82.973,0.0000,0.0000,0.0000,0,0.000,0.000,0.0000,0.0000,0,0,-995.575,21.658,82.973,0.000,0,-1.000000,1.000,28.924,-1.000000,0.0000,0.0000,0,0,0.000,1.000,19.607,-995.575,21.658,82.973,0,0,-1,99.984471
7,1.1869,idle,-1000.000,0.000,88.150,0.000,0.000,15.000,-987.007,-7.889,3.238,-985.670,9.560,3.238,0.0000,0.0000,-993.090,-21.773,82.950,-995.745,21.655,82.950,0.0000,0.0000,0.0000,0,0.000,0.000,0.0000,0.0000,0,0,-995.745,21.655,82.950,0.000,0,-1.000000,1.000,28.924,-1.000000,0.0000,0.0000,0,0,0.000,1.000,19.607,-995.745,21.655,82.950,0,0,-1,99.980482
8,1.3245,idle,-1000.000,0.000,88.150,0.000,0.000,15.000,-987.007,-7.889,3.238,-985.670,9.560,3.238,0.0000,0.0000,-993.132,-21.777,82.941,-995.788,21.653,82.941,0.0000,0.0000,0.0000,0,0.000,0.000,0.0000,0.0000,0,0,-995.788,21.653,82.941,0.000,0,-1.000000,1.000,28.924,-1.000000,0.0000,0.0000,0,0,0.000,1.000,19.607,-995.788,21.653,82.941,0,0,-1,99.978276
9,1.4548,idle,-1000.000,0.000,88.150,0.000,0.000,15.000,-987.007,-7.889,3.238,-985.670,9.560,3.238,0.0000,0.0000,-993.151,-21.778,82.933,-995.808,21.652,82.933,0.0000,0.0000,0.0000,0,0.000,0.000,0.0000,0.0000,0,0,-995.808,21.652,82.933,0.000,0,-1.000000,1.000,28.924,-1.000000,0.0000,0.0000,0,0,0.000,1.000,19.607,-995.808,21.652,82.933,0,0,-1,99.976191
10,1.5960,idle,-1000.000,0.000,88.150,0.000,0.000,15.000,-987.007,-7.889,3.238,-985.670,9.560,3.238,0.0000,0.0000,-993.246,-21.789,82.929,-995.903,21.652,82.929,0.0000,0.0000,0.0000,0,0.000,0.000,0.0000,0.0000,0,0,-995.903,21.652,82.929,0.000,0,-1.000000,1.000,28.924,-1.000000,0.0000,0.0000,0,0,0.000,1.000,19.607,-995.903,21.652,82.929,0,0,-1,99.973931
11,1.7261,idle,-1000.000,0.000,88.150,0.000,0.000,15.000,-987.007,-7.889,3.238,-985.670,9.560,3.238,0.0000,0.0000,-993.246,-21.789,82.929,-995.903,21.652,82.929,0.0000,0.0000,0.0000,0,0.000,0.000,0.0000,0.0000,0,0,-995.903,21.652,82.929,0.000,0,-1.000000,1.000,28.924,-1.000000,0.0000,0.0000,0,0,0.000,1.000,19.607,-995.903,21.652,82.929,0,0,-1,99.971851
12,1.8612,idle,-1000.000,0.000,88.150,0.000,0.000,15.000,-987.007,-7.889,3.238,-985.670,9.560,3.238,0.0000,0.0000,-993.263,-21.791,82.927,-995.921,21.651,82.927,0.0000,0.0000,0.0000,0,0.000,0.000,0.0000,0.0000,0,0,-995.921,21.651,82.927,0.000,0,-1.000000,1.000,28.924,-1.000000,0.0000,0.0000,0,0,0.000,1.000,19.607,-995.921,21.651,82.927,0,0,-1,99.969688
13,1.9922,idle,-1000.000,0.000,88.150,0.000,0.000,15.000,-987.007,-7.889,3.238,-985.670,9.560,3.238,0.0000,0.0000,-993.263,-21.791,82.927,-995.921,21.651,82.927,0.0000,0.0000,0.0000,0,0.000,0.000,0.0000,0.0000,0,0,-995.921,21.651,82.927,0.000,0,-1.000000,1.000,28.924,-1.000000,0.0000,0.0000,0,0,0.000,1.000,19.607,-995.921,21.651,82.927,0,0,-1,99.967593
14,2.1249,idle,-1000.000,0.000,88.150,0.000,0.000,15.000,-987.007,-7.889,3.238,-985.670,9.560,3.238,0.0000,0.0000,-993.147,-21.779,82.942,-995.803,21.654,82.942,0.0000,0.0000,0.0000,0,0.000,0.000,0.0000,0.0000,0,0,-995.803,21.654,82.942,0.000,0,-1.000000,1.000,28.924,-1.000000,0.0000,0.0000,0,0,0.000,1.000,19.607,-995.803,21.654,82.942,0,0,-1,99.965468
15,2.2563,idle,-1000.000,0.000,88.150,0.000,0.000,15.000,-987.007,-7.889,3.238,-985.670,9.560,3.238,0.0000,0.0000,-993.062,-21.771,82.954,-995.718,21.655,82.954,0.0000,0.0000,0.0000,0,0.000,0.000,0.0000,0.0000,0,0,-995.718,21.655,82.954,0.000,0,-1.000000,1.000,28.924,-1.000000,0.0000,0.0000,0,0,0.000,1.000,19.607,-995.718,21.655,82.954,0,0,-1,99.963367
16,2.3897,idle,-1000.000,0.000,88.150,0.000,0.000,15.000,-987.007,-7.889,3.238,-985.670,9.560,3.238,0.0000,0.0000,-992.978,-21.762,82.966,-995.633,21.657,82.966,0.0000,0.0000,0.0000,0,0.000,0.000,0.0000,0.0000,0,0,-995.633,21.657,82.966,0.000,0,-1.000000,1.000,28.924,-1.000000,0.0000,0.0000,0,0,0.000,1.000,19.607,-995.633,21.657,82.966,0,0,-1,99.961232
17,2.5205,idle,-1000.000,0.000,88.150,0.000,0.000,15.000,-987.007,-7.889,3.238,-985.670,9.560,3.238,0.0000,0.0000,-992.883,-21.752,82.979,-995.538,21.659,82.979,0.0000,0.0000,0.0000,0,0.000,0.000,0.0000,0.0000,0,0,-995.538,21.659,82.979,0.000,0,-1.000000,1.000,28.924,-1.000000,0.0000,0.0000,0,0,0.000,1.000,19.607,-995.538,21.659,82.979,0,0,-1,99.959140
18,2.6513,idle,-1000.000,0.000,88.150,0.000,0.000,15.000,-987.007,-7.889,3.238,-985.670,9.560,3.238,0.0000,0.0000,-992.796,-21.743,82.991,-995.450,21.661,82.991,0.0000,0.0000,0.0000,0,0.000,0.000,0.0000,0.0000,0,0,-995.450,21.661,82.991,0.000,0,-1.000000,1.000,28.924,-1.000000,0.0000,0.0000,0,0,0.000,1.000,19.607,-995.450,21.661,82.991,0,0,-1,99.957047
19,2.7816,idle,-1000.000,0.000,88.150,0.000,0.000,15.000,-987.007,-7.889,3.238,-985.670,9.560,3.238,0.0000,0.0000,-992.717,-21.735,83.003,-995.371,21.662,83.003,0.0000,0.0000,0.0000,0,0.000,0.000,0.0000,0.0000,0,0,-995.371,21.662,83.003,0.000,0,-1.000000,1.000,28.924,-1.000000,0.0000,0.0000,0,0,0.000,1.000,19.607,-995.371,21.662,83.003,0,0,-1,99.954961
20,2.9144,idle,-1000.000,0.000,88.150,0.000,0.000,15.000,-987.007,-7.889,3.238,-985.670,9.560,3.238,0.0000,0.0000,-992.659,-21.729,83.011,-995.313,21.663,83.011,0.0000,0.0000,0.0000,0,0.000,0.000,0.0000,0.0000,0,0,-995.313,21.663,83.011,0.000,0,-1.000000,1.000,28.924,-1.000000,0.0000,0.0000,0,0,0.000,1.000,19.607,-995.313,21.663,83.011,0,0,-1,99.952838
21,3.0479,idle,-1000.000,0.000,88.150,0.000,0.000,15.000,-987.007,-7.889,3.238,-985.670,9.560,3.238,0.0000,0.0000,-992.659,-21.729,83.011,-995.313,21.663,83.011,0.0000,0.0000,0.0000,0,0.000,0.000,0.0000,0.0000,0,0,-995.313,21.663,83.011,0.000,0,-1.000000,1.000,28.924,-1.000000,0.0000,0.0000,0,0,0.000,1.000,19.607,-995.313,21.663,83.011,0,0,-1,99.950701
22,3.1731,idle,-1000.000,0.000,88.150,0.000,0.000,15.000,-987.007,-7.889,3.238,-985.670,9.560,3.238,0.0000,0.0000,-992.589,-21.721,83.022,-995.242,21.664,83.022,0.0000,0.0000,0.0000,0,0.000,0.000,0.0000,0.0000,0,0,-995.242,21.664,83.022,0.000,0,-1.000000,1.000,28.924,-1.000000,0.0000,0.0000,0,0,0.000,1.000,19.607,-995.242,21.664,83.022,0,0,-1,99.948698
23,3.3119,idle,-1000.000,0.000,88.150,0.000,0.000,15.000,-987.007,-7.889,3.238,-985.670,9.560,3.238,0.0000,0.0000,-992.589,-21.721,83.022,-995.242,21.664,83.022,0.0000,0.0000,0.0000,0,0.000,0.000,0.0000,0.0000,0,0,-995.242,21.664,83.022,0.000,0,-1.000000,1.000,28.924,-1.000000,0.0000,0.0000,0,0,0.000,1.000,19.607,-995.242,21.664,83.022,0,0,-1,99.946476
24,3.4388,idle,-1000.000,0.000,88.150,0.000,0.000,15.000,-987.007,-7.889,3.238,-985.670,9.560,3.238,0.0000,0.0000,-992.628,-21.725,83.016,-995.281,21.664,83.016,0.0000,0.0000,0.0000,0,0.000,0.000,0.0000,0.0000,0,0,-995.281,21.664,83.016,0.000,0,-1.000000,1.000,28.924,-1.000000,0.0000,0.0000,0,0,0.000,1.000,19.607,-995.281,21.664,83.016,0,0,-1,99.944446
25,3.5781,idle,-1000.000,0.000,88.150,0.000,0.000,15.000,-987.007,-7.889,3.238,-985.670,9.560,3.238,0.0000,0.0000,-992.702,-21.733,83.010,-995.356,21.662,83.010,0.0000,0.0000,0.0000,0,0.000,0.000,0.0000,0.0000,0,0,-995.356,21.662,83.010,0.000,0,-1.000000,1.000,28.924,-1.000000,0.0000,0.0000,0,0,0.000,1.000,19.607,-995.356,21.662,83.010,0,0,-1,99.942217
26,3.7161,idle,-1000.000,0.000,88.150,0.000,0.000,15.000,-987.007,-7.889,3.238,-985.670,9.560,3.238,0.0000,0.0000,-992.764,-21.740,82.996,-995.418,21.661,82.996,0.0000,0.0000,0.0000,0,0.000,0.000,0.0000,0.0000,0,0,-995.418,21.661,82.996,0.000,0,-1.000000,1.000,28.924,-1.000000,0.0000,0.0000,0,0,0.000,1.000,19.607,-995.418,21.661,82.996,0,0,-1,99.940010
27,3.8483,idle,-1000.000,0.000,88.150,0.000,0.000,15.000,-987.007,-7.889,3.238,-985.670,9.560,3.238,0.0000,0.0000,-992.857,-21.749,82.982,-995.512,21.659,82.982,0.0000,0.0000,0.0000,0,0.000,0.000,0.0000,0.0000,0,0,-995.512,21.659,82.982,0.000,0,-1.000000,1.000,28.924,-1.000000,0.0000,0.0000,0,0,0.000,1.000,19.607,-995.512,21.659,82.982,0,0,-1,99.937902
28,3.9899,idle,-1000.000,0.000,88.150,0.000,0.000,15.000,-987.007,-7.889,3.238,-985.670,9.560,3.238,0.0000,0.0000,-992.951,-21.759,82.969,-995.606,21.658,82.969,0.0000,0.0000,0.0000,0,0.000,0.000,0.0000,0.0000,0,0,-995.606,21.658,82.969,0.000,0,-1.000000,1.000,28.924,-1.000000,0.0000,0.0000,0,0,0.000,1.000,19.607,-995.606,21.658,82.969,0,0,-1,99.935630
29,4.1229,idle,-1000.000,0.000,88.150,0.000,0.000,15.000,-987.007,-7.889,3.238,-985.670,9.560,3.238,0.0000,0.0000,-993.045,-21.769,82.956,-995.700,21.656,82.956,0.0000,0.0000,0.0000,0,0.000,0.000,0.0000,0.0000,0,0,-995.700,21.656,82.956,0.000,0,-1.000000,1.000,28.924,-1.000000,0.0000,0.0000,0,0,0.000,1.000,19.607,-995.700,21.656,82.956,0,0,-1,99.933507
30,4.2507,slow-walk,-1000.000,0.000,88.150,0.000,0.000,15.000,-987.007,-7.889,3.238,-985.670,9.560,3.238,0.0000,0.0000,-993.120,-21.777,82.946,-995.777,21.654,82.946,0.0000,0.0000,0.0000,0,0.000,0.000,0.0000,0.0000,0,0,-995.777,21.654,82.946,0.000,0,-1.000000,1.000,28.924,-1.000000,0.0000,0.0000,0,0,0.000,1.000,19.607,-995.777,21.654,82.946,0,0,-1,99.931459
31,4.3762,slow-walk,-997.338,0.713,88.150,32.861,15.000,15.000,-966.376,1.930,1.960,-1004.398,7.621,1.903,0.6259,0.2738,-986.679,-18.946,79.098,-997.166,23.428,79.390,0.0343,0.0000,0.0000,0,0.000,0.000,0.0000,0.0000,0,0,-997.166,23.428,79.390,0.000,0,-1.000000,1.000,28.924,-1.000000,0.0000,0.0000,0,0,0.000,1.000,19.607,-997.166,23.428,79.390,0,0,-1,99.929457
32,4.5176,slow-walk,-989.626,2.780,88.150,67.500,15.000,15.000,-958.180,4.113,3.183,-1000.542,8.204,6.765,1.0000,0.5625,-985.132,-19.462,78.019,-983.147,26.875,79.367,0.1121,0.0000,0.0000,0,0.000,0.000,0.0000,0.0000,0,0,-983.147,26.875,79.367,0.000,0,-1.000000,1.000,28.924,-1.000000,0.0000,0.0000,0,0,0.000,1.000,19.607,-983.147,26.875,79.367,0,0,-1,99.927189
33,4.6461,slow-walk,-981.259,5.022,88.150,67.500,15.000,15.000,-957.926,3.612,3.113,-981.948,13.892,10.153,1.0000,0.5625,-979.927,-18.511,79.422,-971.742,29.672,81.212,0.1843,0.0000,0.0000,0,0.000,0.000,0.0000,0.0000,0,0,-971.742,29.672,81.212,0.000,0,-1.000000,1.000,28.924,-1.000000,0.0000,0.0000,0,0,0.000,1.000,19.607,-971.742,29.672,81.212,0,0,-1,99.925136
34,4.7753,slow-walk,-972.820,7.283,88.150,67.500,15.000,15.000,-957.852,3.125,3.250,-961.390,20.229,11.708,1.0000,0.5625,-972.483,-16.629,80.134,-962.392,32.126,82.051,0.2571,0.0000,0.0000,0,0.000,0.000,0.0000,0.0000,0,0,-962.392,32.126,82.051,0.000,0,-1.000000,1.000,28.924,-1.000000,0.0000,0.0000,0,0,0.000,1.000,19.607,-962.392,32.126,82.051,0,0,-1,99.923065
35,4.9056,slow-walk,-964.338,9.556,88.150,67.500,15.000,15.000,-957.705,2.613,3.238,-940.917,26.537,9.746,1.0000,0.5625,-962.491,-13.753,79.280,-955.219,34.176,81.042,0.3303,0.0000,0.0000,0,0.000,0.000,0.0000,0.0000,0,0,-955.219,34.176,81.042,0.000,0,-1.000000,1.000,28.924,-1.000000,0.0000,0.0000,0,0,0.000,1.000,19.607,-955.219,34.176,81.042,0,0,-1,99.920984
36,5.0333,slow-walk,-955.994,11.791,88.150,67.500,15.000,15.000,-957.715,2.400,3.035,-923.132,32.277,5.840,1.0000,0.5625,-950.715,-9.742,77.548,-950.461,36.058,78.772,0.4023,0.0000,0.0000,0,0.000,0.000,0.0000,0.0000,0,0,-950.461,36.058,78.772,0.000,0,-1.000000,1.000,28.924,-1.000000,0.0000,0.0000,0,0,0.000,1.000,19.607,-950.461,36.058,78.772,0,0,-1,99.918936
37,5.1654,slow-walk,-947.406,14.092,88.150,67.500,15.000,15.000,-957.372,1.418,3.163,-909.136,35.821,3.348,1.0000,0.5625,-936.749,-5.683,76.844,-946.904,36.775,77.178,0.4763,0.0000,0.0000,0,0.000,0.000,0.0000,0.0000,0,0,-946.904,36.775,77.178,0.000,0,-1.000000,1.000,28.924,-1.000000,0.0000,0.0000,0,0,0.000,1.000,19.607,-946.904,36.775,77.178,0,0,-1,99.916829
38,5.3062,slow-walk,-938.198,16.560,88.150,67.500,15.000,15.000,-948.916,3.728,4.180,-905.843,36.395,3.143,1.0000,0.5625,-921.851,-0.541,77.786,-944.030,37.861,77.017,0.5558,0.0000,0.0000,0,0.000,0.000,0.0000,0.0000,0,0,-944.030,37.861,77.017,0.000,0,-1.000000,1.000,28.924,-1.000000,0.0000,0.0000,0,0,0.000,1.000,19.607,-944.030,37.861,77.017,0,0,-1,99.914569
39,5.4359,slow-walk,-929.754,18.822,88.150,67.500,15.000,15.000,-933.076,8.678,7.591,-905.667,36.163,3.200,1.0000,0.5625,-909.309,3.949,79.907,-940.492,39.136,78.346,0.6286,0.0000,0.0000,0,0.000,0.000,0.0000,0.0000,0,0,-940.492,39.136,78.346,0.000,0,-1.000000,1.000,28.924,-1.000000,0.0000,0.0000,0,0,0.000,1.000,19.607,-940.492,39.136,78.346,0,0,-1,99.912497
40,5.5774,slow-walk,-920.520,21.297,88.150,67.500,15.000,15.000,-911.792,15.112,11.308,-905.556,35.492,3.417,1.0000,0.5625,-897.637,7.579,82.013,-934.252,40.754,80.038,0.7083,0.0000,0.0000,0,0.000,0.000,0.0000,0.0000,0,0,-934.252,40.754,80.038,0.000,0,-1.000000,1.000,28.924,-1.000000,0.0000,0.0000,0,0,0.000,1.000,19.607,-934.252,40.754,80.038,0,0,-1,99.910231
41,5.7040,slow-walk,-912.276,23.506,88.150,67.500,15.000,15.000,-891.609,21.310,11.512,-905.357,34.990,3.319,1.0000,0.5625,-889.209,9.858,82.086,-926.225,42.878,80.083,0.7794,0.0000,0.0000,0,0.000,0.000,0.0000,0.0000,0,0,-926.225,42.878,80.083,0.000,0,-1.000000,1.000,28.924,-1.000000,0.0000,0.0000,0,0,0.000,1.000,19.607,-926.225,42.878,80.083,0,0,-1,99.908208
42,5.8454,slow-walk,-903.048,25.978,88.150,67.500,15.000,15.000,-869.866,27.842,8.485,-905.239,34.296,3.400,1.0000,0.5625,-882.055,11.157,80.461,-914.424,45.907,78.852,0.8590,0.0000,0.0000,0,0.000,0.000,0.0000,0.0000,0,0,-914.424,45.907,78.852,0.000,0,-1.000000,1.000,28.924,-1.000000,0.0000,0.0000,0,0,0.000,1.000,19.607,-914.424,45.907,78.852,0,0,-1,99.905943
43,5.9745,slow-walk,-894.646,28.229,88.150,67.500,15.000,15.000,-853.339,32.889,4.378,-905.098,33.884,2.855,1.0000,0.5625,-877.426,11.665,77.847,-901.438,49.414,76.892,0.9315,0.0000,0.0000,0,0.000,0.000,0.0000,0.0000,0,0,-901.438,49.414,76.892,0.000,0,-1.000000,1.000,28.924,-1.000000,0.0000,0.0000,0,0,0.000,1.000,19.607,-901.438,49.414,76.892,0,0,-1,99.903881
44,6.1092,slow-walk,-885.851,30.586,88.150,67.500,15.000,15.000,-842.510,35.925,3.193,-903.979,33.652,3.257,1.0000,0.5625,-874.037,11.529,76.924,-886.733,53.147,77.028,0.0074,0.0000,0.0000,0,0.000,0.000,0.0000,0.0000,0,0,-886.733,53.147,77.028,0.000,0,-1.000000,1.000,28.924,-1.000000,0.0000,0.0000,0,0,0.000,1.000,19.607,-886.733,53.147,77.028,0,0,-1,99.901723
45,6.2472,slow-walk,-876.869,32.993,88.150,67.500,15.000,15.000,-842.333,35.484,3.312,-890.732,37.570,5.526,1.0000,0.5625,-870.719,11.567,77.586,-872.058,56.871,78.662,0.0849,0.0000,0.0000,0,0.000,0.000,0.0000,0.0000,0,0,-872.058,56.871,78.662,0.000,0,-1.000000,1.000,28.924,-1.000000,0.0000,0.0000,0,0,0.000,1.000,19.607,-872.058,56.871,78.662,0,0,-1,99.899519
46,6.3842,slow-walk,-867.929,35.388,88.150,67.500,15.000,15.000,-842.069,34.853,3.220,-872.099,43.109,9.366,1.0000,0.5625,-865.868,12.171,79.102,-859.077,59.938,80.810,0.1620,0.0000,0.0000,0,0.000,0.000,0.0000,0.0000,0,0,-859.077,59.938,80.810,0.000,0,-1.000000,1.000,28.924,-1.000000,0.0000,0.0000,0,0,0.000,1.000,19.607,-859.077,59.938,80.810,0,0,-1,99.897325
47,6.5204,slow-walk,-859.062,37.764,88.150,67.500,15.000,15.000,-842.000,34.324,3.256,-850.857,49.618,11.690,1.0000,0.5625,-858.676,13.862,80.124,-848.657,62.603,82.042,0.2385,0.0000,0.0000,0,0.000,0.000,0.0000,0.0000,0,0,-848.657,62.603,82.042,0.000,0,-1.000000,1.000,28.924,-1.000000,0.0000,0.0000,0,0,0.000,1.000,19.607,-848.657,62.603,82.042,0,0,-1,99.895149
48,6.6548,slow-walk,-850.278,40.118,88.150,67.500,15.000,15.000,-841.836,33.828,3.260,-829.279,56.345,10.461,1.0000,0.5625,-848.946,16.641,79.581,-840.678,64.866,81.411,0.3143,0.0000,0.0000,0,0.000,0.000,0.0000,0.0000,0,0,-840.678,64.866,81.411,0.000,0,-1.000000,1.000,28.924,-1.000000,0.0000,0.0000,0,0,0.000,1.000,19.607,-840.678,64.866,81.411,0,0,-1,99.892993
49,6.7927,slow-walk,-841.304,42.522,88.150,67.500,15.000,15.000,-841.709,33.280,3.173,-809.551,62.321,6.520,1.0000,0.5625,-836.572,20.467,77.909,-835.067,66.655,79.234,0.3917,0.0000,0.0000,0,0.000,0.000,0.0000,0.0000,0,0,-835.067,66.655,79.234,0.000,0,-1.000000,1.000,28.924,-1.000000,0.0000,0.0000,0,0,0.000,1.000,19.607,-835.067,66.655,79.234,0,0,-1,99.890791
50,6.9372,slow-walk,-831.878,45.048,88.150,67.500,15.000,15.000,-841.456,32.522,3.142,-793.704,66.763,3.398,1.0000,0.5625,-821.477,25.187,76.833,-831.121,67.811,77.214,0.4730,0.0000,0.0000,0,0.000,0.000,0.0000,0.0000,0,0,-831.121,67.811,77.214,0.000,0,-1.000000,1.000,28.924,-1.000000,0.0000,0.0000,0,0,0.000,1.000,19.607,-831.121,67.811,77.214,0,0,-1,99.888478
51,7.0834,slow-walk,-822.365,47.597,88.150,67.500,15.000,15.000,-833.135,34.756,4.141,-789.933,67.462,3.128,1.0000,0.5625,-806.068,30.478,77.752,-828.149,68.915,76.992,0.5551,0.0000,0.0000,0,0.000,0.000,0.0000,0.0000,0,0,-828.149,68.915,76.992,0.000,0,-1.000000,1.000,28.924,-1.000000,0.0000,0.0000,0,0,0.000,1.000,19.607,-828.149,68.915,76.992,0,0,-1,99.886143
52,7.2237,slow-walk,-813.199,50.053,88.150,67.500,15.000,15.000,-815.767,40.119,7.835,-789.738,67.158,3.158,1.0000,0.5625,-792.477,35.289,80.031,-824.219,70.273,78.414,0.6342,0.0000,0.0000,0,0.000,0.000,0.0000,0.0000,0,0,-824.219,70.273,78.414,0.000,0,-1.000000,1.000,28.924,-1.000000,0.0000,0.0000,0,0,0.000,1.000,19.607,-824.219,70.273,78.414,0,0,-1,99.883894
53,7.3626,slow-walk,-804.141,52.480,88.150,67.500,15.000,15.000,-794.715,46.515,11.388,-789.605,66.533,3.388,1.0000,0.5625,-781.186,38.791,82.041,-817.956,71.904,80.055,0.7123,0.0000,0.0000,0,0.000,0.000,0.0000,0.0000,0,0,-817.956,71.904,80.055,0.000,0,-1.000000,1.000,28.924,-1.000000,0.0000,0.0000,0,0,0.000,1.000,19.607,-817.956,71.904,80.055,0,0,-1,99.881671
54,7.5024,slow-walk,-795.018,54.925,88.150,67.500,15.000,15.000,-772.405,53.399,11.315,-789.415,66.002,3.382,1.0000,0.5625,-772.123,41.212,82.018,-808.763,74.377,80.041,0.7910,0.0000,0.0000,0,0.000,0.000,0.0000,0.0000,0,0,-808.763,74.377,80.041,0.000,0,-1.000000,1.000,28.924,-1.000000,0.0000,0.0000,0,0,0.000,1.000,19.607,-808.763,74.377,80.041,0,0,-1,99.879433
55,7.6467,slow-walk,-785.621,57.443,88.150,67.500,15.000,15.000,-750.713,59.960,7.731,-789.303,65.332,3.331,1.0000,0.5625,-765.207,42.410,80.013,-796.332,77.605,78.498,0.8721,0.0000,0.0000,0,0.000,0.000,0.0000,0.0000,0,0,-796.332,77.605,78.498,0.000,0,-1.000000,1.000,28.924,-1.000000,0.0000,0.0000,0,0,0.000,1.000,19.607,-796.332,77.605,78.498,0,0,-1,99.877126
56,7.7828,slow-walk,-776.752,59.819,88.150,67.500,15.000,15.000,-734.253,64.997,3.885,-789.121,64.932,2.990,1.0000,0.5625,-760.685,42.819,77.561,-782.291,81.403,76.825,0.9486,0.0000,0.0000,0,0.000,0.000,0.0000,0.0000,0,0,-782.291,81.403,76.825,0.000,0,-1.000000,1.000,28.924,-1.000000,0.0000,0.0000,0,0,0.000,1.000,19.607,-782.291,81.403,76.825,0,0,-1,99.874950
57,7.9224,slow-walk,-767.638,62.261,88.150,67.500,15.000,15.000,-726.597,66.894,3.140,-785.337,65.524,3.426,1.0000,0.5625,-757.395,42.571,76.828,-766.961,85.227,77.213,0.0273,0.0000,0.0000,0,0.000,0.000,0.0000,0.0000,0,0,-766.961,85.227,77.213,0.000,0,-1.000000,1.000,28.924,-1.000000,0.0000,0.0000,0,0,0.000,1.000,19.607,-766.961,85.227,77.213,0,0,-1,99.872713
58,8.0583,slow-walk,-758.767,64.638,88.150,67.500,15.000,15.000,-726.377,66.324,3.202,-770.580,69.807,6.341,1.0000,0.5625,-753.767,42.642,77.879,-752.796,88.671,79.145,0.1038,0.0000,0.0000,0,0.000,0.000,0.0000,0.0000,0,0,-752.796,88.671,79.145,0.000,0,-1.000000,1.000,28.924,-1.000000,0.0000,0.0000,0,0,0.000,1.000,19.607,-752.796,88.671,79.145,0,0,-1,99.870537
59,8.1960,slow-walk,-749.797,67.042,88.150,67.500,15.000,15.000,-726.103,65.758,3.119,-750.983,75.751,10.034,1.0000,0.5625,-748.375,43.553,79.372,-740.366,91.683,81.151,0.1812,0.0000,0.0000,0,0.000,0.000,0.0000,0.0000,0,0,-740.366,91.683,81.151,0.000,0,-1.000000,1.000,28.924,-1.000000,0.0000,0.0000,0,0,0.000,1.000,19.607,-740.366,91.683,81.151,0,0,-1,99.868335
60,8.3311,stop-from-slow-walk,-740.980,69.404,88.150,67.500,15.000,15.000,-726.031,65.240,3.250,-729.523,82.359,11.707,1.0000,0.5625,-740.640,45.493,80.133,-730.553,94.247,82.050,0.2573,0.0000,0.0000,0,0.000,0.000,0.0000,0.0000,0,0,-730.553,94.247,82.050,0.000,0,-1.000000,1.000,28.924,-1.000000,0.0000,0.0000,0,0,0.000,1.000,19.607,-730.553,94.247,82.050,0,0,-1,99.866172
61,8.4662,stop-from-slow-walk,-740.980,69.404,88.150,0.000,15.000,15.000,-726.255,65.179,3.047,-729.428,82.455,4.830,0.3258,0.0000,-732.415,48.487,81.636,-738.471,92.565,82.326,0.2573,0.0000,0.0000,0,0.000,0.000,0.0000,0.0000,0,0,-738.471,92.565,82.326,0.000,0,-1.000000,1.000,28.924,-1.000000,0.0000,0.0000,0,0,0.000,1.000,19.607,-738.471,92.565,82.326,0,0,-1,99.864014
62,8.6067,stop-from-slow-walk,-740.980,69.404,88.150,0.000,15.000,15.000,-726.388,65.147,3.238,-729.612,82.348,3.238,0.0000,0.0000,-728.417,50.258,82.988,-742.215,91.497,82.988,0.2573,0.0000,0.0000,0,0.000,0.000,0.0000,0.0000,0,0,-742.215,91.497,82.988,0.000,0,-1.000000,1.000,28.924,-1.000000,0.0000,0.0000,0,0,0.000,1.000,19.607,-742.215,91.497,82.988,0,0,-1,99.861765
63,8.7406,stop-from-slow-walk,-740.980,69.404,88.150,0.000,15.000,15.000,-726.388,65.147,3.238,-729.612,82.348,3.238,0.0000,0.0000,-728.343,50.286,82.999,-742.139,91.519,82.999,0.2573,0.0000,0.0000,0,0.000,0.000,0.0000,0.0000,0,0,-742.139,91.519,82.999,0.000,0,-1.000000,1.000,28.924,-1.000000,0.0000,0.0000,0,0,0.000,1.000,19.607,-742.139,91.519,82.999,0,0,-1,99.859622
64,8.8740,stop-from-slow-walk,-740.980,69.404,88.150,0.000,15.000,15.000,-726.388,65.147,3.238,-729.612,82.348,3.238,0.0000,0.0000,-728.269,50.315,83.011,-742.062,91.541,83.011,0.2573,0.0000,0.0000,0,0.000,0.000,0.0000,0.0000,0,0,-742.062,91.541,83.011,0.000,0,-1.000000,1.000,28.924,-1.000000,0.0000,0.0000,0,0,0.000,1.000,19.607,-742.062,91.541,83.011,0,0,-1,99.857483
65,9.0095,stop-from-slow-walk,-740.980,69.404,88.150,0.000,15.000,15.000,-726.388,65.147,3.238,-729.612,82.348,3.238,0.0000,0.0000,-728.265,50.316,83.011,-742.059,91.542,83.011,0.2573,0.0000,0.0000,0,0.000,0.000,0.0000,0.0000,0,0,-742.059,91.542,83.011,0.000,0,-1.000000,1.000,28.924,-1.000000,0.0000,0.0000,0,0,0.000,1.000,19.607,-742.059,91.542,83.011,0,0,-1,99.855321
66,9.1434,stop-from-slow-walk,-740.980,69.404,88.150,0.000,15.000,15.000,-726.388,65.147,3.238,-729.612,82.348,3.238,0.0000,0.0000,-728.244,50.324,83.015,-742.037,91.548,83.015,0.2573,0.0000,0.0000,0,0.000,0.000,0.0000,0.0000,0,0,-742.037,91.548,83.015,0.000,0,-1.000000,1.000,28.924,-1.000000,0.0000,0.0000,0,0,0.000,1.000,19.607,-742.037,91.548,83.015,0,0,-1,99.853172
67,9.2796,stop-from-slow-walk,-740.980,69.404,88.150,0.000,15.000,15.000,-726.388,65.147,3.238,-729.612,82.348,3.238,0.0000,0.0000,-728.199,50.341,83.022,-741.991,91.562,83.022,0.2573,0.0000,0.0000,0,0.000,0.000,0.0000,0.0000,0,0,-741.991,91.562,83.022,0.000,0,-1.000000,1.000,28.924,-1.000000,0.0000,0.0000,0,0,0.000,1.000,19.607,-741.991,91.562,83.022,0,0,-1,99.850998
68,9.4141,stop-from-slow-walk,-740.980,69.404,88.150,0.000,15.000,15.000,-726.388,65.147,3.238,-729.612,82.348,3.238,0.0000,0.0000,-728.215,50.335,83.019,-742.007,91.557,83.019,0.2573,0.0000,0.0000,0,0.000,0.000,0.0000,0.0000,0,0,-742.007,91.557,83.019,0.000,0,-1.000000,1.000,28.924,-1.000000,0.0000,0.0000,0,0,0.000,1.000,19.607,-742.007,91.557,83.019,0,0,-1,99.848841
69,9.5509,stop-from-slow-walk,-740.980,69.404,88.150,0.000,15.000,15.000,-726.388,65.147,3.238,-729.612,82.348,3.238,0.0000,0.0000,-728.292,50.306,83.011,-742.086,91.534,83.011,0.2573,0.0000,0.0000,0,0.000,0.000,0.0000,0.0000,0,0,-742.086,91.534,83.011,0.000,0,-1.000000,1.000,28.924,-1.000000,0.0000,0.0000,0,0,0.000,1.000,19.607,-742.086,91.534,83.011,0,0,-1,99.846656
70,9.6859,stop-from-slow-walk,-740.980,69.404,88.150,0.000,15.000,15.000,-726.388,65.147,3.238,-729.612,82.348,3.238,0.0000,0.0000,-728.346,50.285,83.000,-742.142,91.519,83.000,0.2573,0.0000,0.0000,0,0.000,0.000,0.0000,0.0000,0,0,-742.142,91.519,83.000,0.000,0,-1.000000,1.000,28.924,-1.000000,0.0000,0.0000,0,0,0.000,1.000,19.607,-742.142,91.519,83.000,0,0,-1,99.844494
71,9.8173,stop-from-slow-walk,-740.980,69.404,88.150,0.000,15.000,15.000,-726.388,65.147,3.238,-729.612,82.348,3.238,0.0000,0.0000,-728.430,50.253,82.986,-742.229,91.493,82.986,0.2573,0.0000,0.0000,0,0.000,0.000,0.0000,0.0000,0,0,-742.229,91.493,82.986,0.000,0,-1.000000,1.000,28.924,-1.000000,0.0000,0.0000,0,0,0.000,1.000,19.607,-742.229,91.493,82.986,0,0,-1,99.842396
72,9.9480,stop-from-slow-walk,-740.980,69.404,88.150,0.000,15.000,15.000,-726.388,65.147,3.238,-729.612,82.348,3.238,0.0000,0.0000,-728.514,50.221,82.973,-742.315,91.469,82.973,0.2573,0.0000,0.0000,0,0.000,0.000,0.0000,0.0000,0,0,-742.315,91.469,82.973,0.000,0,-1.000000,1.000,28.924,-1.000000,0.0000,0.0000,0,0,0.000,1.000,19.607,-742.315,91.469,82.973,0,0,-1,99.840300
73,10.0806,stop-from-slow-walk,-740.980,69.404,88.150,0.000,15.000,15.000,-726.388,65.147,3.238,-729.612,82.348,3.238,0.0000,0.0000,-728.599,50.188,82.960,-742.402,91.443,82.960,0.2573,0.0000,0.0000,0,0.000,0.000,0.0000,0.0000,0,0,-742.402,91.443,82.960,0.000,0,-1.000000,1.000,28.924,-1.000000,0.0000,0.0000,0,0,0.000,1.000,19.607,-742.402,91.443,82.960,0,0,-1,99.838182
74,10.2221,stop-from-slow-walk,-740.980,69.404,88.150,0.000,15.000,15.000,-726.388,65.147,3.238,-729.612,82.348,3.238,0.0000,0.0000,-728.693,50.153,82.947,-742.499,91.416,82.947,0.2573,0.0000,0.0000,0,0.000,0.000,0.0000,0.0000,0,0,-742.499,91.416,82.947,0.000,0,-1.000000,1.000,28.924,-1.000000,0.0000,0.0000,0,0,0.000,1.000,19.607,-742.499,91.416,82.947,0,0,-1,99.835916
75,10.3578,full-walk,-740.980,69.404,88.150,0.000,15.000,15.000,-726.388,65.147,3.238,-729.612,82.348,3.238,0.0000,0.0000,-728.714,50.145,82.939,-742.520,91.409,82.939,0.2573,0.0000,0.0000,0,0.000,0.000,0.0000,0.0000,0,0,-742.520,91.409,82.939,0.000,0,-1.000000,1.000,28.924,-1.000000,0.0000,0.0000,0,0,0.000,1.000,19.607,-742.520,91.409,82.939,0,0,-1,99.833746
76,10.4912,full-walk,-732.923,71.563,88.150,93.496,15.000,15.000,-726.190,64.586,2.813,-709.815,88.404,5.598,0.6678,0.7791,-726.681,49.767,79.819,-728.146,95.198,80.869,0.3613,0.0000,0.0000,0,0.000,0.000,0.0000,0.0000,0,0,-728.146,95.198,80.869,0.000,0,-1.000000,1.000,28.924,-1.000000,0.0000,0.0000,0,0,0.000,1.000,19.607,-728.146,95.198,80.869,0,0,-1,99.831609
77,10.6220,full-walk,-713.619,76.735,88.150,180.000,15.000,15.000,-724.231,63.925,4.260,-681.419,96.512,3.176,1.0000,1.5000,-697.170,59.673,77.855,-719.548,98.003,77.067,0.5571,0.0000,0.0000,0,0.000,0.000,0.0000,0.0000,0,0,-719.548,98.003,77.067,0.000,0,-1.000000,1.000,28.924,-1.000000,0.0000,0.0000,0,0,0.000,1.000,19.607,-719.548,98.003,77.067,0,0,-1,99.829520
78,10.7529,full-walk,-690.803,82.849,88.150,180.000,15.000,15.000,-674.383,79.201,11.730,-681.074,95.231,3.245,1.0000,1.5000,-667.566,69.267,82.154,-704.954,102.141,80.126,0.7540,0.0000,0.0000,0,0.000,0.000,0.0000,0.0000,0,0,-704.954,102.141,80.126,0.000,0,-1.000000,1.000,28.924,-1.000000,0.0000,0.0000,0,0,0.000,1.000,19.607,-704.954,102.141,80.126,0,0,-1,99.827421
79,10.8849,full-walk,-667.936,88.976,88.150,180.000,15.000,15.000,-625.266,94.201,3.832,-680.601,93.981,3.013,1.0000,1.5000,-652.050,71.883,77.523,-673.271,110.600,76.825,0.9513,0.0000,0.0000,0,0.000,0.000,0.0000,0.0000,0,0,-673.271,110.600,76.825,0.000,0,-1.000000,1.000,28.924,-1.000000,0.0000,0.0000,0,0,0.000,1.000,19.607,-673.271,110.600,76.825,0,0,-1,99.825316
80,11.0164,full-walk,-645.016,95.118,88.150,180.000,15.000,15.000,-617.798,95.034,3.357,-651.014,102.201,8.870,1.0000,1.5000,-642.340,72.097,78.978,-636.664,119.542,80.635,0.1490,0.0000,0.0000,0,0.000,0.000,0.0000,0.0000,0,0,-636.664,119.542,80.635,0.000,0,-1.000000,1.000,28.924,-1.000000,0.0000,0.0000,0,0,0.000,1.000,19.607,-636.664,119.542,80.635,0,0,-1,99.823207
81,11.1532,full-walk,-621.267,101.481,88.150,180.000,15.000,15.000,-617.304,93.568,3.374,-594.223,119.572,8.747,1.0000,1.5000,-618.422,78.468,78.931,-613.006,125.836,80.566,0.3539,0.0000,0.0000,0,0.000,0.000,0.0000,0.0000,0,0,-613.006,125.836,80.566,0.000,0,-1.000000,1.000,28.924,-1.000000,0.0000,0.0000,0,0,0.000,1.000,19.607,-613.006,125.836,80.566,0,0,-1,99.821022
82,11.2850,full-walk,-598.324,107.629,87.879,180.000,15.000,15.000,-609.353,94.737,3.681,-565.515,127.636,2.781,1.0000,1.5000,-582.276,90.418,77.313,-603.874,129.026,76.601,0.5518,0.0000,0.0000,0,0.000,0.000,0.0000,0.0000,0,0,-603.874,129.026,76.601,0.000,0,-1.000000,1.000,28.924,-1.000000,0.0000,0.0000,0,0,0.000,1.000,19.607,-603.874,129.026,76.601,0,0,-1,99.818910
83,11.4177,full-walk,-575.291,113.800,87.583,180.000,15.000,15.000,-559.449,109.955,11.189,-565.183,126.302,2.674,1.0000,1.5000,-552.039,100.225,81.593,-589.458,133.085,79.562,0.7505,0.0000,0.0000,0,0.000,0.000,0.0000,0.0000,0,0,-589.458,133.085,79.562,0.000,0,-1.000000,1.000,28.924,-1.000000,0.0000,0.0000,0,0,0.000,1.000,19.607,-589.458,133.085,79.562,0,0,-1,99.816791
84,11.5476,full-walk,-552.651,119.867,87.320,180.000,15.000,15.000,-510.334,124.960,3.120,-564.710,125.064,2.128,1.0000,1.5000,-536.393,102.934,76.768,-558.394,141.383,75.996,0.9459,0.0000,0.0000,0,0.000,0.000,0.0000,0.0000,0,0,-558.394,141.383,75.996,0.000,0,-1.000000,1.000,28.924,-1.000000,0.0000,0.0000,0,0,0.000,1.000,19.607,-558.394,141.383,75.996,0,0,-1,99.814707
85,11.6905,full-walk,-527.830,126.518,87.016,180.000,15.000,15.000,-501.760,126.051,2.108,-532.282,134.139,8.154,1.0000,1.5000,-525.673,103.329,77.952,-519.054,151.047,79.653,0.1600,0.0000,0.0000,0,0.000,0.000,0.0000,0.0000,0,0,-519.054,151.047,79.653,0.000,0,-1.000000,1.000,28.924,-1.000000,0.0000,0.0000,0,0,0.000,1.000,19.607,-519.054,151.047,79.653,0,0,-1,99.812423
86,11.8198,full-walk,-505.318,132.550,86.740,180.000,15.000,15.000,-501.394,124.622,1.957,-478.230,150.653,7.312,1.0000,1.5000,-502.458,109.542,77.506,-497.073,156.900,79.139,0.3542,0.0000,0.0000,0,0.000,0.000,0.0000,0.0000,0,0,-497.073,156.900,79.139,0.000,0,-1.000000,1.000,28.924,-1.000000,0.0000,0.0000,0,0,0.000,1.000,19.607,-497.073,156.900,79.139,0,0,-1,99.810351
87,11.9504,full-walk,-482.664,138.620,86.481,180.000,15.000,15.000,-493.853,125.695,2.172,-449.609,158.721,1.343,1.0000,1.5000,-466.776,121.351,75.819,-488.057,160.070,75.137,0.5497,0.0000,0.0000,0,0.000,0.000,0.0000,0.0000,0,0,-488.057,160.070,75.137,0.000,0,-1.000000,1.000,28.924,-1.000000,0.0000,0.0000,0,0,0.000,1.000,19.607,-488.057,160.070,75.137,0,0,-1,99.808267
88,12.0834,full-walk,-459.516,144.822,86.481,180.000,15.000,15.000,-443.874,140.909,10.084,-449.273,157.370,1.572,1.0000,1.5000,-436.264,131.246,80.490,-473.682,164.107,78.460,0.7494,0.0000,0.0000,0,0.000,0.000,0.0000,0.0000,0,0,-473.682,164.107,78.460,0.000,0,-1.000000,1.000,28.924,-1.000000,0.0000,0.0000,0,0,0.000,1.000,19.607,-473.682,164.107,78.460,0,0,-1,99.806137
89,12.2192,full-walk,-435.939,151.140,86.172,180.000,15.000,15.000,-393.169,156.371,1.829,-448.774,156.064,1.044,1.0000,1.5000,-420.157,133.975,75.522,-441.149,172.772,74.846,0.9528,0.0000,0.0000,0,0.000,0.000,0.0000,0.0000,0,0,-441.149,172.772,74.846,0.000,0,-1.000000,1.000,28.924,-1.000000,0.0000,0.0000,0,0,0.000,1.000,19.607,-441.149,172.772,74.846,0,0,-1,99.803967
90,12.3512,full-walk,-412.966,157.295,85.919,180.000,15.000,15.000,-385.961,157.136,1.119,-418.689,164.467,6.734,1.0000,1.5000,-410.380,134.237,76.783,-404.532,181.732,78.451,0.1510,0.0000,0.0000,0,0.000,0.000,0.0000,0.0000,0,0,-404.532,181.732,78.451,0.000,0,-1.000000,1.000,28.924,-1.000000,0.0000,0.0000,0,0,0.000,1.000,19.607,-404.532,181.732,78.451,0,0,-1,99.801853
91,12.4832,full-walk,-390.034,163.440,85.919,180.000,15.000,15.000,-385.471,155.746,1.209,-363.715,181.315,6.851,1.0000,1.5000,-387.435,140.349,76.879,-381.548,187.856,78.547,0.3488,0.0000,0.0000,0,0.000,0.000,0.0000,0.0000,0,0,-381.548,187.856,78.547,0.000,0,-1.000000,1.000,28.924,-1.000000,0.0000,0.0000,0,0,0.000,1.000,19.607,-381.548,187.856,78.547,0,0,-1,99.799742
92,12.6137,full-walk,-367.284,169.536,85.919,180.000,15.000,15.000,-378.688,156.556,1.500,-333.739,189.835,0.795,1.0000,1.5000,-351.693,152.167,75.201,-372.322,191.107,74.575,0.5451,0.0000,0.0000,0,0.000,0.000,0.0000,0.0000,0,0,-372.322,191.107,74.575,0.000,0,-1.000000,1.000,28.924,-1.000000,0.0000,0.0000,0,0,0.000,1.000,19.607,-372.322,191.107,74.575,0,0,-1,99.797649
93,12.7476,full-walk,-344.041,175.764,85.919,180.000,15.000,15.000,-329.059,171.635,9.485,-333.355,188.470,1.017,1.0000,1.5000,-320.806,162.180,79.922,-358.190,195.056,77.895,0.7456,0.0000,0.0000,0,0.000,0.000,0.0000,0.0000,0,0,-358.190,195.056,77.895,0.000,0,-1.000000,1.000,28.924,-1.000000,0.0000,0.0000,0,0,0.000,1.000,19.607,-358.190,195.056,77.895,0,0,-1,99.795510
94,12.8804,full-walk,-320.908,181.962,85.919,180.000,15.000,15.000,-278.636,187.035,1.737,-332.890,187.181,0.720,1.0000,1.5000,-304.603,165.047,75.377,-326.701,203.462,74.596,0.9452,0.0000,0.0000,0,0.000,0.000,0.0000,0.0000,0,0,-326.701,203.462,74.596,0.000,0,-1.000000,1.000,28.924,-1.000000,0.0000,0.0000,0,0,0.000,1.000,19.607,-326.701,203.462,74.596,0,0,-1,99.793381
95,13.0148,full-walk,-297.578,188.213,86.323,180.000,15.000,15.000,-270.072,188.239,1.516,-303.926,195.197,6.886,1.0000,1.5000,-294.787,165.253,77.080,-289.342,212.632,78.721,0.1465,0.0000,0.0000,0,0.000,0.000,0.0000,0.0000,0,0,-289.342,212.632,78.721,0.000,0,-1.000000,1.000,28.924,-1.000000,0.0000,0.0000,0,0,0.000,1.000,19.607,-289.342,212.632,78.721,0,0,-1,99.791234
96,13.1474,full-walk,-274.520,194.392,86.646,180.000,15.000,15.000,-269.575,186.835,1.885,-248.745,212.099,7.681,1.0000,1.5000,-272.066,171.258,77.629,-265.915,218.846,79.315,0.3454,0.0000,0.0000,0,0.000,0.000,0.0000,0.0000,0,0,-265.915,218.846,79.315,0.000,0,-1.000000,1.000,28.924,-1.000000,0.0000,0.0000,0,0,0.000,1.000,19.607,-265.915,218.846,79.315,0,0,-1,99.789112
97,13.2815,full-walk,-251.209,200.638,87.042,180.000,15.000,15.000,-262.547,187.675,2.656,-217.816,220.876,1.913,1.0000,1.5000,-235.526,183.300,76.341,-256.357,222.172,75.697,0.5465,0.0000,0.0000,0,0.000,0.000,0.0000,0.0000,0,0,-256.357,222.172,75.697,0.000,0,-1.000000,1.000,28.924,-1.000000,0.0000,0.0000,0,0,0.000,1.000,19.607,-256.357,222.172,75.697,0,0,-1,99.786967
98,13.4132,turn-while-moving,-228.273,206.784,87.504,180.000,15.000,15.000,-213.507,202.584,11.059,-217.441,219.542,2.604,1.0000,1.5000,-205.043,193.198,81.505,-242.417,226.078,79.479,0.7444,0.0000,0.0000,0,0.000,0.000,0.0000,0.0000,0,0,-242.417,226.078,79.479,0.000,0,-1.000000,1.000,28.924,-1.000000,0.0000,0.0000,0,0,0.000,1.000,19.607,-242.417,226.078,79.479,0,0,-1,99.784857
99,13.5464,turn-while-moving,-214.198,218.572,87.998,142.237,54.849,15.000,-187.219,246.091,5.853,-224.063,219.326,3.045,1.0000,1.1853,-189.705,218.651,78.826,-234.398,228.747,77.580,0.9018,0.0000,0.0000,0,0.000,0.000,0.0000,0.0000,0,0,-234.398,228.747,77.580,0.000,0,-1.000000,1.000,28.924,-1.000000,0.0000,0.0000,0,0,0.000,1.000,19.607,-234.398,228.747,77.580,0,0,-1,99.782731
100,13.6755,turn-while-moving,-206.926,235.467,88.491,142.237,72.265,15.000,-189.436,269.256,3.629,-218.851,223.742,4.632,1.0000,1.1853,-185.139,231.283,77.484,-225.100,250.460,78.236,0.0552,0.0000,0.0000,0,0.000,0.000,0.0000,0.0000,0,0,-225.100,250.460,78.236,0.000,0,-1.000000,1.000,28.924,-1.000000,0.0000,0.0000,0,0,0.000,1.000,19.607,-225.100,250.460,78.236,0,0,-1,99.780661
101,13.8116,turn-while-moving,-200.738,253.782,89.022,142.237,72.265,15.000,-187.939,268.835,4.196,-207.217,263.434,12.302,1.0000,1.1853,-180.315,241.453,80.933,-216.064,275.763,82.829,0.2163,0.0000,0.0000,0,0.000,0.000,0.0000,0.0000,0,0,-216.064,275.763,82.829,0.000,0,-1.000000,1.000,28.924,-1.000000,0.0000,0.0000,0,0,0.000,1.000,19.607,-216.064,275.763,82.829,0,0,-1,99.778486
102,13.9472,turn-while-moving,-194.806,272.167,89.573,142.237,72.265,15.000,-186.583,268.441,4.685,-194.470,307.757,8.804,1.0000,1.1853,-173.591,263.319,79.727,-211.180,291.155,81.182,0.3773,0.0000,0.0000,0,0.000,0.000,0.0000,0.0000,0,0,-211.180,291.155,81.182,0.000,0,-1.000000,1.000,28.924,-1.000000,0.0000,0.0000,0,0,0.000,1.000,19.607,-211.180,291.155,81.182,0,0,-1,99.776313
103,14.0820,turn-while-moving,-188.969,290.392,90.146,142.237,72.265,15.000,-184.342,273.403,5.543,-187.726,330.524,5.066,1.0000,1.1853,-166.070,293.565,79.332,-209.671,298.479,78.808,0.5368,0.0000,0.0000,0,0.000,0.000,0.0000,0.0000,0,0,-209.671,298.479,78.808,0.000,0,-1.000000,1.000,28.924,-1.000000,0.0000,0.0000,0,0,0.000,1.000,19.607,-209.671,298.479,78.808,0,0,-1,99.774160
104,14.2111,turn-while-moving,-183.367,307.904,90.718,142.237,72.265,15.000,-174.260,308.850,12.979,-186.723,330.253,5.661,1.0000,1.1853,-159.531,319.338,83.958,-207.055,307.341,82.039,0.6900,0.0000,0.0000,0,0.000,0.000,0.0000,0.0000,0,0,-207.055,307.341,82.039,0.000,0,-1.000000,1.000,28.924,-1.000000,0.0000,0.0000,0,0,0.000,1.000,19.607,-207.055,307.341,82.039,0,0,-1,99.772092
105,14.3443,turn-while-moving,-177.602,325.928,91.318,142.237,72.265,15.000,-161.619,353.246,12.093,-185.442,329.890,6.406,1.0000,1.1853,-153.729,336.068,83.789,-200.694,326.597,82.101,0.8477,0.0000,0.0000,0,0.000,0.000,0.0000,0.0000,0,0,-200.694,326.597,82.101,0.000,0,-1.000000,1.000,28.924,-1.000000,0.0000,0.0000,0,0,0.000,1.000,19.607,-200.694,326.597,82.101,0,0,-1,99.769963
106,14.4755,turn-while-moving,-171.910,343.726,91.930,142.237,72.265,15.000,-152.863,383.534,6.986,-184.316,330.111,7.022,1.0000,1.1853,-149.447,343.704,80.732,-191.489,354.869,80.775,0.0034,0.0000,0.0000,0,0.000,0.000,0.0000,0.0000,0,0,-191.489,354.869,80.775,0.000,0,-1.000000,1.000,28.924,-1.000000,0.0000,0.0000,0,0,0.000,1.000,19.607,-191.489,354.869,80.775,0,0,-1,99.767861
107,14.6098,turn-while-moving,-166.096,361.906,92.576,142.237,72.265,15.000,-151.673,383.322,7.641,-174.830,362.638,13.810,1.0000,1.1853,-145.457,351.063,83.532,-181.954,382.644,85.242,0.1625,0.0000,0.0000,0,0.000,0.000,0.0000,0.0000,0,0,-181.954,382.644,85.242,0.000,0,-1.000000,1.000,28.924,-1.000000,0.0000,0.0000,0,0,0.000,1.000,19.607,-181.954,382.644,85.242,0,0,-1,99.765714
108,14.7480,turn-while-moving,-160.102,380.646,93.257,142.237,72.265,15.000,-150.578,382.923,8.356,-161.890,408.952,15.031,1.0000,1.1853,-139.534,369.472,84.468,-175.849,401.752,86.248,0.3264,0.0000,0.0000,0,0.000,0.000,0.0000,0.0000,0,0,-175.849,401.752,86.248,0.000,0,-1.000000,1.000,28.924,-1.000000,0.0000,0.0000,0,0,0.000,1.000,19.607,-175.849,401.752,86.248,0,0,-1,99.763501
109,14.8811,turn-while-moving,-154.340,398.661,93.924,142.237,72.265,15.000,-149.291,382.489,8.994,-151.857,442.802,9.022,1.0000,1.1853,-131.817,397.550,82.650,-173.339,410.755,82.875,0.4840,0.0000,0.0000,0,0.000,0.000,0.0000,0.0000,0,0,-173.339,410.755,82.875,0.000,0,-1.000000,1.000,28.924,-1.000000,0.0000,0.0000,0,0,0.000,1.000,19.607,-173.339,410.755,82.875,0,0,-1,99.761373
110,15.0129,turn-while-moving,-148.625,416.531,94.594,142.237,72.265,15.000,-141.411,409.851,14.724,-150.482,444.812,9.732,1.0000,1.1853,-124.937,426.255,86.786,-171.662,417.873,85.125,0.6404,0.0000,0.0000,0,0.000,0.000,0.0000,0.0000,0,0,-171.662,417.873,85.125,0.000,0,-1.000000,1.000,28.924,-1.000000,0.0000,0.0000,0,0,0.000,1.000,19.607,-171.662,417.873,85.125,0,0,-1,99.759263
111,15.1483,turn-while-moving,-142.766,434.853,95.284,142.237,72.265,15.000,-128.851,454.718,18.254,-149.367,444.445,10.556,1.0000,1.1853,-118.887,446.512,89.051,-166.518,434.024,87.101,0.8007,0.0000,0.0000,0,0.000,0.000,0.0000,0.0000,0,0,-166.518,434.024,87.101,0.000,0,-1.000000,1.000,28.924,-1.000000,0.0000,0.0000,0,0,0.000,1.000,19.607,-166.518,434.024,87.101,0,0,-1,99.757099
112,15.2828,turn-while-moving,-136.932,453.092,95.970,142.237,72.265,15.000,-117.969,492.326,11.515,-148.135,444.031,10.898,1.0000,1.1853,-113.943,456.459,85.212,-157.644,460.949,84.649,0.9603,0.0000,0.0000,0,0.000,0.000,0.0000,0.0000,0,0,-157.644,460.949,84.649,0.000,0,-1.000000,1.000,28.924,-1.000000,0.0000,0.0000,0,0,0.000,1.000,19.607,-157.644,460.949,84.649,0,0,-1,99.754945
113,15.4138,turn-while-moving,-131.263,470.819,96.633,142.237,72.265,15.000,-115.464,497.605,11.664,-141.623,464.920,15.425,1.0000,1.1853,-110.152,462.353,86.559,-147.940,489.479,87.940,0.1154,0.0000,0.0000,0,0.000,0.000,0.0000,0.0000,0,0,-147.940,489.479,87.940,0.000,0,-1.000000,1.000,28.924,-1.000000,0.0000,0.0000,0,0,0.000,1.000,19.607,-147.940,489.479,87.940,0,0,-1,99.752851
114,15.5452,turn-while-moving,-125.564,488.639,97.289,142.237,72.265,15.000,-114.402,497.297,12.419,-129.645,507.656,20.758,1.0000,1.1853,-105.205,476.151,89.239,-140.854,510.750,91.153,0.2713,0.0000,0.0000,0,0.000,0.000,0.0000,0.0000,0,0,-140.854,510.750,91.153,0.000,0,-1.000000,1.000,28.924,-1.000000,0.0000,0.0000,0,0,0.000,1.000,19.607,-140.854,510.750,91.153,0,0,-1,99.750747
115,15.6815,turn-while-moving,-119.675,507.054,97.946,142.237,72.265,15.000,-113.407,497.036,13.221,-118.200,548.728,14.692,1.0000,1.1853,-98.141,501.953,87.218,-137.613,522.959,88.131,0.4324,0.0000,0.0000,0,0.000,0.000,0.0000,0.0000,0,0,-137.613,522.959,88.131,0.000,0,-1.000000,1.000,28.924,-1.000000,0.0000,0.0000,0,0,0.000,1.000,19.607,-137.613,522.959,88.131,0,0,-1,99.748572
116,15.8138,turn-while-moving,-113.918,525.054,98.575,142.237,72.265,15.000,-108.360,512.220,15.975,-114.373,559.095,13.537,1.0000,1.1853,-90.637,531.921,89.102,-136.044,529.320,87.935,0.5899,0.0000,0.0000,0,0.000,0.000,0.0000,0.0000,0,0,-136.044,529.320,87.935,0.000,0,-1.000000,1.000,28.924,-1.000000,0.0000,0.0000,0,0,0.000,1.000,19.607,-136.044,529.320,87.935,0,0,-1,99.746446
117,15.9466,turn-while-moving,-108.177,543.004,99.174,142.237,72.265,15.000,-96.540,553.611,22.752,-113.124,558.703,14.269,1.0000,1.1853,-84.185,555.210,93.179,-132.057,541.528,91.151,0.7469,0.0000,0.0000,0,0.000,0.000,0.0000,0.0000,0,0,-132.057,541.528,91.151,0.000,0,-1.000000,1.000,28.924,-1.000000,0.0000,0.0000,0,0,0.000,1.000,19.607,-132.057,541.528,91.151,0,0,-1,99.744326
118,16.0797,turn-while-moving,-102.399,561.069,99.751,142.237,72.265,15.000,-84.795,595.719,17.406,-112.120,558.464,14.751,1.0000,1.1853,-79.062,568.276,90.455,-124.633,564.955,89.238,0.9050,0.0000,0.0000,0,0.000,0.000,0.0000,0.0000,0,0,-124.633,564.955,89.238,0.000,0,-1.000000,1.000,28.924,-1.000000,0.0000,0.0000,0,0,0.000,1.000,19.607,-124.633,564.955,89.238,0,0,-1,99.742193
119,16.2117,turn-while-moving,-96.690,578.921,100.307,142.237,72.265,15.000,-79.340,612.025,15.385,-108.486,567.638,16.595,1.0000,1.1853,-74.957,574.286,89.307,-114.684,594.334,90.137,0.0612,0.0000,0.0000,0,0.000,0.000,0.0000,0.0000,0,0,-114.684,594.334,90.137,0.000,0,-1.000000,1.000,28.924,-1.000000,0.0000,0.0000,0,0,0.000,1.000,19.607,-114.684,594.334,90.137,0,0,-1,99.740084
120,16.3445,turn-while-moving,-90.925,596.947,100.860,142.237,72.265,15.000,-78.208,611.702,16.027,-97.296,607.015,24.179,1.0000,1.1853,-70.514,584.585,92.785,-106.243,618.956,94.685,0.2189,0.0000,0.0000,0,0.000,0.000,0.0000,0.0000,0,0,-106.243,618.956,94.685,0.000,0,-1.000000,1.000,28.924,-1.000000,0.0000,0.0000,0,0,0.000,1.000,19.607,-106.243,618.956,94.685,0,0,-1,99.737956
121,16.4798,stop-from-turn,-85.073,615.244,101.412,142.237,72.265,15.000,-76.885,611.334,16.548,-84.675,651.034,20.580,1.0000,1.1853,-63.836,606.481,91.555,-101.473,634.148,92.997,0.3790,0.0000,0.0000,0,0.000,0.000,0.0000,0.0000,0,0,-101.473,634.148,92.997,0.000,0,-1.000000,1.000,28.924,-1.000000,0.0000,0.0000,0,0,0.000,1.000,19.607,-101.473,634.148,92.997,0,0,-1,99.735795
122,16.6164,stop-from-turn,-84.842,615.968,101.434,0.000,72.265,15.000,-74.442,621.379,16.051,-87.898,639.081,16.831,0.3159,0.0000,-62.444,613.039,94.573,-103.359,629.174,95.015,0.3790,0.0000,0.0000,0,0.000,0.000,0.0000,0.0000,0,0,-103.359,629.174,95.015,0.000,0,-1.000000,1.000,28.924,-1.000000,0.0000,0.0000,0,0,0.000,1.000,19.607,-103.359,629.174,95.015,0,0,-1,99.733606
123,16.7446,stop-from-turn,-84.842,615.968,101.434,0.000,72.265,15.000,-73.370,625.940,16.521,-89.583,632.529,16.521,0.0000,0.0000,-62.031,615.764,96.213,-104.216,626.466,96.213,0.3790,0.0000,0.0000,0,0.000,0.000,0.0000,0.0000,0,0,-104.216,626.466,96.213,0.000,0,-1.000000,1.000,28.924,-1.000000,0.0000,0.0000,0,0,0.000,1.000,19.607,-104.216,626.466,96.213,0,0,-1,99.731557
124,16.8834,stop-from-turn,-84.842,615.968,101.434,0.000,72.265,15.000,-73.370,625.940,16.521,-89.583,632.529,16.521,0.0000,0.0000,-62.034,615.747,96.210,-104.221,626.449,96.210,0.3790,0.0000,0.0000,0,0.000,0.000,0.0000,0.0000,0,0,-104.221,626.449,96.210,0.000,0,-1.000000,1.000,28.924,-1.000000,0.0000,0.0000,0,0,0.000,1.000,19.607,-104.221,626.449,96.210,0,0,-1,99.729334
125,17.0156,stop-from-turn,-84.842,615.968,101.434,0.000,72.265,15.000,-73.370,625.940,16.521,-89.583,632.529,16.521,0.0000,0.0000,-62.034,615.747,96.210,-104.221,626.449,96.210,0.3790,0.0000,0.0000,0,0.000,0.000,0.0000,0.0000,0,0,-104.221,626.449,96.210,0.000,0,-1.000000,1.000,28.924,-1.000000,0.0000,0.0000,0,0,0.000,1.000,19.607,-104.221,626.449,96.210,0,0,-1,99.727223
126,17.1536,stop-from-turn,-84.842,615.968,101.434,0.000,72.265,15.000,-73.370,625.940,16.521,-89.583,632.529,16.521,0.0000,0.0000,-62.006,615.879,96.228,-104.183,626.580,96.228,0.3790,0.0000,0.0000,0,0.000,0.000,0.0000,0.0000,0,0,-104.183,626.580,96.228,0.000,0,-1.000000,1.000,28.924,-1.000000,0.0000,0.0000,0,0,0.000,1.000,19.607,-104.183,626.580,96.228,0,0,-1,99.725010
127,17.2869,stop-from-turn,-84.842,615.968,101.434,0.000,72.265,15.000,-73.370,625.940,16.521,-89.583,632.529,16.521,0.0000,0.0000,-61.989,615.964,96.240,-104.158,626.662,96.240,0.3790,0.0000,0.0000,0,0.000,0.000,0.0000,0.0000,0,0,-104.158,626.662,96.240,0.000,0,-1.000000,1.000,28.924,-1.000000,0.0000,0.0000,0,0,0.000,1.000,19.607,-104.158,626.662,96.240,0,0,-1,99.722881
128,17.4181,stop-from-turn,-84.842,615.968,101.434,0.000,72.265,15.000,-73.370,625.940,16.521,-89.583,632.529,16.521,0.0000,0.0000,-61.971,616.048,96.252,-104.134,626.744,96.252,0.3790,0.0000,0.0000,0,0.000,0.000,0.0000,0.0000,0,0,-104.134,626.744,96.252,0.000,0,-1.000000,1.000,28.924,-1.000000,0.0000,0.0000,0,0,0.000,1.000,19.607,-104.134,626.744,96.252,0,0,-1,99.720780
129,17.5470,stop-from-turn,-84.842,615.968,101.434,0.000,72.265,15.000,-73.370,625.940,16.521,-89.583,632.529,16.521,0.0000,0.0000,-61.952,616.140,96.265,-104.107,626.835,96.265,0.3790,0.0000,0.0000,0,0.000,0.000,0.0000,0.0000,0,0,-104.107,626.835,96.265,0.000,0,-1.000000,1.000,28.924,-1.000000,0.0000,0.0000,0,0,0.000,1.000,19.607,-104.107,626.835,96.265,0,0,-1,99.718720
130,17.6790,stop-from-turn,-84.842,615.968,101.434,0.000,72.265,15.000,-73.370,625.940,16.521,-89.583,632.529,16.521,0.0000,0.0000,-61.934,616.223,96.277,-104.082,626.916,96.277,0.3790,0.0000,0.0000,0,0.000,0.000,0.0000,0.0000,0,0,-104.082,626.916,96.277,0.000,0,-1.000000,1.000,28.924,-1.000000,0.0000,0.0000,0,0,0.000,1.000,19.607,-104.082,626.916,96.277,0,0,-1,99.716603
131,17.8122,stop-from-turn,-84.842,615.968,101.434,0.000,72.265,15.000,-73.370,625.940,16.521,-89.583,632.529,16.521,0.0000,0.0000,-61.918,616.302,96.289,-104.059,626.993,96.289,0.3790,0.0000,0.0000,0,0.000,0.000,0.0000,0.0000,0,0,-104.059,626.993,96.289,0.000,0,-1.000000,1.000,28.924,-1.000000,0.0000,0.0000,0,0,0.000,1.000,19.607,-104.059,626.993,96.289,0,0,-1,99.714477
132,17.9423,stop-from-turn,-84.842,615.968,101.434,0.000,72.265,15.000,-73.370,625.940,16.521,-89.583,632.529,16.521,0.0000,0.0000,-61.910,616.341,96.295,-104.047,627.031,96.295,0.3790,0.0000,0.0000,0,0.000,0.000,0.0000,0.0000,0,0,-104.047,627.031,96.295,0.000,0,-1.000000,1.000,28.924,-1.000000,0.0000,0.0000,0,0,0.000,1.000,19.607,-104.047,627.031,96.295,0,0,-1,99.712391
133,18.0785,stop-from-turn,-84.842,615.968,101.434,0.000,72.265,15.000,-73.370,625.940,16.521,-89.583,632.529,16.521,0.0000,0.0000,-61.910,616.341,96.295,-104.047,627.031,96.295,0.3790,0.0000,0.0000,0,0.000,0.000,0.0000,0.0000,0,0,-104.047,627.031,96.295,0.000,0,-1.000000,1.000,28.924,-1.000000,0.0000,0.0000,0,0,0.000,1.000,19.607,-104.047,627.031,96.295,0,0,-1,99.710215
134,18.2128,stop-from-turn,-84.842,615.968,101.434,0.000,72.265,15.000,-73.370,625.940,16.521,-89.583,632.529,16.521,0.0000,0.0000,-61.895,616.411,96.306,-104.027,627.099,96.306,0.3790,0.0000,0.0000,0,0.000,0.000,0.0000,0.0000,0,0,-104.027,627.099,96.306,0.000,0,-1.000000,1.000,28.924,-1.000000,0.0000,0.0000,0,0,0.000,1.000,19.607,-104.027,627.099,96.306,0,0,-1,99.708063
135,18.3479,stop-from-turn,-84.842,615.968,101.434,0.000,72.265,15.000,-73.370,625.940,16.521,-89.583,632.529,16.521,0.0000,0.0000,-61.895,616.411,96.306,-104.027,627.099,96.306,0.3790,0.0000,0.0000,0,0.000,0.000,0.0000,0.0000,0,0,-104.027,627.099,96.306,0.000,0,-1.000000,1.000,28.924,-1.000000,0.0000,0.0000,0,0,0.000,1.000,19.607,-104.027,627.099,96.306,0,0,-1,99.705904
136,18.4780,orbit-standing-character,-84.842,615.968,101.434,0.000,72.265,15.000,-73.370,625.940,16.521,-89.583,632.529,16.521,0.0000,0.0000,-61.908,616.351,96.298,-104.044,627.042,96.298,0.3790,0.0000,0.0000,0,0.000,0.000,0.0000,0.0000,0,0,-104.044,627.042,96.298,0.000,0,-1.000000,1.000,28.924,-1.000000,0.0000,0.0000,0,0,0.000,1.000,19.607,-104.044,627.042,96.298,0,0,-1,99.703819
137,18.6118,orbit-standing-character,-84.842,615.968,101.434,0.000,72.265,22.137,-73.370,625.940,16.521,-89.583,632.529,16.521,0.0000,0.0000,-61.922,616.282,96.292,-104.065,626.973,96.292,0.3790,0.0000,0.0000,0,0.000,0.000,0.0000,0.0000,0,0,-104.065,626.973,96.292,0.000,0,-1.000000,1.000,28.924,-1.000000,0.0000,0.0000,0,0,0.000,1.000,19.607,-104.065,626.973,96.292,0,0,-1,99.701682
138,18.7414,orbit-standing-character,-84.842,615.968,101.434,0.000,72.265,29.074,-73.370,625.940,16.521,-89.583,632.529,16.521,0.0000,0.0000,-61.935,616.220,96.277,-104.083,626.914,96.277,0.3790,0.0000,0.0000,0,0.000,0.000,0.0000,0.0000,0,0,-104.083,626.914,96.277,0.000,0,-1.000000,1.000,28.924,-1.000000,0.0000,0.0000,0,0,0.000,1.000,19.607,-104.083,626.914,96.277,0,0,-1,99.699604
139,18.8750,orbit-standing-character,-84.842,615.968,101.434,0.000,72.265,36.197,-73.370,625.940,16.521,-89.583,632.529,16.521,0.0000,0.0000,-61.954,616.128,96.263,-104.110,626.823,96.263,0.3790,0.0000,0.0000,0,0.000,0.000,0.0000,0.0000,0,0,-104.110,626.823,96.263,0.000,0,-1.000000,1.000,28.924,-1.000000,0.0000,0.0000,0,0,0.000,1.000,19.607,-104.110,626.823,96.263,0,0,-1,99.697472
140,19.0093,orbit-standing-character,-84.842,615.968,101.434,0.000,72.265,43.388,-73.370,625.940,16.521,-89.583,632.529,16.521,0.0000,0.0000,-61.972,616.040,96.251,-104.136,626.737,96.251,0.3790,0.0000,0.0000,0,0.000,0.000,0.0000,0.0000,0,0,-104.136,626.737,96.251,0.000,0,-1.000000,1.000,28.924,-1.000000,0.0000,0.0000,0,0,0.000,1.000,19.607,-104.136,626.737,96.251,0,0,-1,99.695319
141,19.1416,orbit-standing-character,-84.842,615.968,101.434,0.000,72.265,50.448,-73.370,625.940,16.521,-89.583,632.529,16.521,0.0000,0.0000,-61.992,615.949,96.238,-104.162,626.648,96.238,0.3790,0.0000,0.0000,0,0.000,0.000,0.0000,0.0000,0,0,-104.162,626.648,96.238,0.000,0,-1.000000,1.000,28.924,-1.000000,0.0000,0.0000,0,0,0.000,1.000,19.607,-104.162,626.648,96.238,0,0,-1,99.693205
142,19.2729,orbit-standing-character,-84.842,615.968,101.434,0.000,72.265,57.472,-73.370,625.940,16.521,-89.583,632.529,16.521,0.0000,0.0000,-62.005,615.884,96.228,-104.181,626.584,96.228,0.3790,0.0000,0.0000,0,0.000,0.000,0.0000,0.0000,0,0,-104.181,626.584,96.228,0.000,0,-1.000000,1.000,28.924,-1.000000,0.0000,0.0000,0,0,0.000,1.000,19.607,-104.181,626.584,96.228,0,0,-1,99.691102
143,19.4054,orbit-standing-character,-84.842,615.968,101.434,0.000,72.265,64.535,-73.370,625.940,16.521,-89.583,632.529,16.521,0.0000,0.0000,-62.010,615.865,96.219,-104.186,626.564,96.219,0.3790,0.0000,0.0000,0,0.000,0.000,0.0000,0.0000,0,0,-104.186,626.564,96.219,0.000,0,-1.000000,1.000,28.924,-1.000000,0.0000,0.0000,0,0,0.000,1.000,19.607,-104.186,626.564,96.219,0,0,-1,99.688987
144,19.5407,orbit-standing-character,-84.842,615.968,101.434,0.000,72.265,71.785,-73.370,625.940,16.521,-89.583,632.529,16.521,0.0000,0.0000,-62.031,615.764,96.213,-104.216,626.466,96.213,0.3790,0.0000,0.0000,0,0.000,0.000,0.0000,0.0000,0,0,-104.216,626.466,96.213,0.000,0,-1.000000,1.000,28.924,-1.000000,0.0000,0.0000,0,0,0.000,1.000,19.607,-104.216,626.466,96.213,0,0,-1,99.686816
145,19.6743,orbit-standing-character,-84.842,615.968,101.434,0.000,72.265,78.913,-73.370,625.940,16.521,-89.583,632.529,16.521,0.0000,0.0000,-62.031,615.764,96.213,-104.216,626.466,96.213,0.3790,0.0000,0.0000,0,0.000,0.000,0.0000,0.0000,0,0,-104.216,626.466,96.213,0.000,0,-1.000000,1.000,28.924,-1.000000,0.0000,0.0000,0,0,0.000,1.000,19.607,-104.216,626.466,96.213,0,0,-1,99.684682
146,19.8159,orbit-standing-character,-84.842,615.968,101.434,0.000,72.265,86.482,-73.370,625.940,16.521,-89.583,632.529,16.521,0.0000,0.0000,-62.034,615.747,96.210,-104.221,626.449,96.210,0.3790,0.0000,0.0000,0,0.000,0.000,0.0000,0.0000,0,0,-104.221,626.449,96.210,0.000,0,-1.000000,1.000,28.924,-1.000000,0.0000,0.0000,0,0,0.000,1.000,19.607,-104.221,626.449,96.210,0,0,-1,99.682416
147,19.9562,orbit-standing-character,-84.842,615.968,101.434,0.000,72.265,93.986,-73.370,625.940,16.521,-89.583,632.529,16.521,0.0000,0.0000,-62.034,615.747,96.210,-104.221,626.449,96.210,0.3790,0.0000,0.0000,0,0.000,0.000,0.0000,0.0000,0,0,-104.221,626.449,96.210,0.000,0,-1.000000,1.000,28.924,-1.000000,0.0000,0.0000,0,0,0.000,1.000,19.607,-104.221,626.449,96.210,0,0,-1,99.680169
148,20.0956,orbit-standing-character,-84.842,615.968,101.434,0.000,72.265,101.436,-73.370,625.940,16.521,-89.583,632.529,16.521,0.0000,0.0000,-62.014,615.843,96.223,-104.193,626.544,96.223,0.3790,0.0000,0.0000,0,0.000,0.000,0.0000,0.0000,0,0,-104.193,626.544,96.223,0.000,0,-1.000000,1.000,28.924,-1.000000,0.0000,0.0000,0,0,0.000,1.000,19.607,-104.193,626.544,96.223,0,0,-1,99.677938
149,20.2350,orbit-standing-character,-84.842,615.968,101.434,0.000,72.265,108.875,-73.370,625.940,16.521,-89.583,632.529,16.521,0.0000,0.0000,-61.995,615.931,96.235,-104.168,626.630,96.236,0.3790,0.0000,0.0000,0,0.000,0.000,0.0000,0.0000,0,0,-104.168,626.630,96.236,0.000,0,-1.000000,1.000,28.924,-1.000000,0.0000,0.0000,0,0,0.000,1.000,19.607,-104.168,626.630,96.236,0,0,-1,99.675711
150,20.3755,orbit-standing-character,-84.842,615.968,101.434,0.000,72.265,116.384,-73.370,625.940,16.521,-89.583,632.529,16.521,0.0000,0.0000,-61.977,616.017,96.248,-104.142,626.715,96.248,0.3790,0.0000,0.0000,0,0.000,0.000,0.0000,0.0000,0,0,-104.142,626.715,96.248,0.000,0,-1.000000,1.000,28.924,-1.000000,0.0000,0.0000,0,0,0.000,1.000,19.607,-104.142,626.715,96.248,0,0,-1,99.673463
151,20.5008,orbit-standing-character,-84.842,615.968,101.434,0.000,72.265,123.078,-73.370,625.940,16.521,-89.583,632.529,16.521,0.0000,0.0000,-61.959,616.107,96.260,-104.116,626.802,96.260,0.3790,0.0000,0.0000,0,0.000,0.000,0.0000,0.0000,0,0,-104.116,626.802,96.260,0.000,0,-1.000000,1.000,28.924,-1.000000,0.0000,0.0000,0,0,0.000,1.000,19.607,-104.116,626.802,96.260,0,0,-1,99.671458
152,20.6403,orbit-standing-character,-84.842,615.968,101.434,0.000,72.265,130.548,-73.370,625.940,16.521,-89.583,632.529,16.521,0.0000,0.0000,-61.939,616.200,96.274,-104.089,626.894,96.274,0.3790,0.0000,0.0000,0,0.000,0.000,0.0000,0.0000,0,0,-104.089,626.894,96.274,0.000,0,-1.000000,1.000,28.924,-1.000000,0.0000,0.0000,0,0,0.000,1.000,19.607,-104.089,626.894,96.274,0,0,-1,99.669222
153,20.7667,orbit-standing-character,-84.842,615.968,101.434,0.000,72.265,137.287,-73.370,625.940,16.521,-89.583,632.529,16.521,0.0000,0.0000,-61.923,616.275,96.285,-104.067,626.967,96.285,0.3790,0.0000,0.0000,0,0.000,0.000,0.0000,0.0000,0,0,-104.067,626.967,96.285,0.000,0,-1.000000,1.000,28.924,-1.000000,0.0000,0.0000,0,0,0.000,1.000,19.607,-104.067,626.967,96.285,0,0,-1,99.667204
154,20.9072,orbit-standing-character,-84.842,615.968,101.434,0.000,72.265,144.806,-73.370,625.940,16.521,-89.583,632.529,16.521,0.0000,0.0000,-61.910,616.341,96.295,-104.047,627.031,96.295,0.3790,0.0000,0.0000,0,0.000,0.000,0.0000,0.0000,0,0,-104.047,627.031,96.295,0.000,0,-1.000000,1.000,28.924,-1.000000,0.0000,0.0000,0,0,0.000,1.000,19.607,-104.047,627.031,96.295,0,0,-1,99.664953
155,21.0354,orbit-standing-character,-84.842,615.968,101.434,0.000,72.265,151.628,-73.370,625.940,16.521,-89.583,632.529,16.521,0.0000,0.0000,-61.910,616.341,96.295,-104.047,627.031,96.295,0.3790,0.0000,0.0000,0,0.000,0.000,0.0000,0.0000,0,0,-104.047,627.031,96.295,0.000,0,-1.000000,1.000,28.924,-1.000000,0.0000,0.0000,0,0,0.000,1.000,19.607,-104.047,627.031,96.295,0,0,-1,99.662910
156,21.1864,orbit-standing-character,-84.842,615.968,101.434,0.000,72.265,159.712,-73.370,625.940,16.521,-89.583,632.529,16.521,0.0000,0.0000,-61.895,616.411,96.306,-104.027,627.099,96.306,0.3790,0.0000,0.0000,0,0.000,0.000,0.0000,0.0000,0,0,-104.027,627.099,96.306,0.000,0,-1.000000,1.000,28.924,-1.000000,0.0000,0.0000,0,0,0.000,1.000,19.607,-104.027,627.099,96.306,0,0,-1,99.660490
157,21.3252,orbit-standing-character,-84.842,615.968,101.434,0.000,72.265,167.127,-73.370,625.940,16.521,-89.583,632.529,16.521,0.0000,0.0000,-61.895,616.411,96.306,-104.027,627.099,96.306,0.3790,0.0000,0.0000,0,0.000,0.000,0.0000,0.0000,0,0,-104.027,627.099,96.306,0.000,0,-1.000000,1.000,28.924,-1.000000,0.0000,0.0000,0,0,0.000,1.000,19.607,-104.027,627.099,96.306,0,0,-1,99.658269
158,21.4668,orbit-standing-character,-84.842,615.968,101.434,0.000,72.265,174.715,-73.370,625.940,16.521,-89.583,632.529,16.521,0.0000,0.0000,-61.906,616.357,96.299,-104.043,627.047,96.299,0.3790,0.0000,0.0000,0,0.000,0.000,0.0000,0.0000,0,0,-104.043,627.047,96.299,0.000,0,-1.000000,1.000,28.924,-1.000000,0.0000,0.0000,0,0,0.000,1.000,19.607,-104.043,627.047,96.299,0,0,-1,99.655997
159,21.5925,orbit-standing-character,-84.842,615.968,101.434,0.000,72.265,181.417,-73.370,625.940,16.521,-89.583,632.529,16.521,0.0000,0.0000,-61.920,616.292,96.293,-104.062,626.983,96.293,0.3790,0.0000,0.0000,0,0.000,0.000,0.0000,0.0000,0,0,-104.062,626.983,96.293,0.000,0,-1.000000,1.000,28.924,-1.000000,0.0000,0.0000,0,0,0.000,1.000,19.607,-104.062,626.983,96.293,0,0,-1,99.653991
160,21.7196,orbit-standing-character,-84.842,615.968,101.434,0.000,72.265,188.220,-73.370,625.940,16.521,-89.583,632.529,16.521,0.0000,0.0000,-61.932,616.236,96.279,-104.078,626.929,96.279,0.3790,0.0000,0.0000,0,0.000,0.000,0.0000,0.0000,0,0,-104.078,626.929,96.279,0.000,0,-1.000000,1.000,28.924,-1.000000,0.0000,0.0000,0,0,0.000,1.000,19.607,-104.078,626.929,96.279,0,0,-1,99.651954
161,21.8456,orbit-standing-character,-84.842,615.968,101.434,0.000,72.265,194.939,-73.370,625.940,16.521,-89.583,632.529,16.521,0.0000,0.0000,-61.950,616.148,96.266,-104.104,626.843,96.266,0.3790,0.0000,0.0000,0,0.000,0.000,0.0000,0.0000,0,0,-104.104,626.843,96.266,0.000,0,-1.000000,1.000,28.924,-1.000000,0.0000,0.0000,0,0,0.000,1.000,19.607,-104.104,626.843,96.266,0,0,-1,99.649942
162,21.9811,orbit-standing-character,-84.842,615.968,101.434,0.000,72.265,202.195,-73.370,625.940,16.521,-89.583,632.529,16.521,0.0000,0.0000,-61.968,616.060,96.254,-104.130,626.756,96.254,0.3790,0.0000,0.0000,0,0.000,0.000,0.0000,0.0000,0,0,-104.130,626.756,96.254,0.000,0,-1.000000,1.000,28.924,-1.000000,0.0000,0.0000,0,0,0.000,1.000,19.607,-104.130,626.756,96.254,0,0,-1,99.647770
163,22.1238,orbit-standing-character,-84.842,615.968,101.434,0.000,72.265,209.807,-73.370,625.940,16.521,-89.583,632.529,16.521,0.0000,0.0000,-61.989,615.961,96.240,-104.159,626.660,96.240,0.3790,0.0000,0.0000,0,0.000,0.000,0.0000,0.0000,0,0,-104.159,626.660,96.240,0.000,0,-1.000000,1.000,28.924,-1.000000,0.0000,0.0000,0,0,0.000,1.000,19.607,-104.159,626.660,96.240,0,0,-1,99.645490
164,22.2650,orbit-standing-character,-84.842,615.968,101.434,0.000,72.265,217.366,-73.370,625.940,16.521,-89.583,632.529,16.521,0.0000,0.0000,-62.005,615.885,96.228,-104.181,626.585,96.228,0.3790,0.0000,0.0000,0,0.000,0.000,0.0000,0.0000,0,0,-104.181,626.585,96.228,0.000,0,-1.000000,1.000,28.924,-1.000000,0.0000,0.0000,0,0,0.000,1.000,19.607,-104.181,626.585,96.228,0,0,-1,99.643227
165,22.3939,orbit-standing-character,-84.842,615.968,101.434,0.000,72.265,224.241,-73.370,625.940,16.521,-89.583,632.529,16.521,0.0000,0.0000,-62.010,615.866,96.220,-104.186,626.566,96.220,0.3790,0.0000,0.0000,0,0.000,0.000,0.0000,0.0000,0,0,-104.186,626.566,96.220,0.000,0,-1.000000,1.000,28.924,-1.000000,0.0000,0.0000,0,0,0.000,1.000,19.607,-104.186,626.566,96.220,0,0,-1,99.641169
166,22.5328,open-pack,-84.842,615.968,101.434,0.000,72.265,231.673,-73.370,625.940,16.521,-89.583,632.529,16.521,0.0000,0.0000,-62.031,615.764,96.213,-104.216,626.466,96.213,0.3790,0.0000,0.0000,0,0.000,0.000,0.0000,0.0000,0,0,-104.216,626.466,96.213,0.000,0,-1.000000,1.000,28.924,-1.000000,0.0000,0.0000,0,0,0.000,1.000,19.607,-104.216,626.466,96.213,0,0,-1,99.638943
167,22.6685,open-pack,-84.842,615.968,101.434,0.000,72.265,231.673,-73.370,625.940,16.521,-89.583,632.529,16.521,0.0000,0.0000,-62.031,615.764,96.213,-104.216,626.466,96.213,0.3790,0.0000,0.0000,0,0.000,0.000,0.0000,0.0000,0,0,-104.216,626.466,96.213,0.000,0,-1.000000,1.000,28.924,-1.000000,0.0000,0.0000,0,0,0.000,1.000,19.607,-104.216,626.466,96.213,0,0,-1,99.638943
168,22.8392,open-pack,-84.842,615.968,101.434,0.000,72.265,231.673,-73.370,625.940,16.521,-89.583,632.529,16.521,0.0000,0.0000,-62.034,615.747,96.210,-104.221,626.449,96.210,0.3790,0.0000,0.0000,0,0.000,0.000,0.0000,0.0000,0,0,-104.221,626.449,96.210,0.000,0,-1.000000,1.000,28.924,-1.000000,0.0000,0.0000,0,0,0.000,1.000,19.607,-104.221,626.449,96.210,0,0,-1,99.638943
169,22.9943,open-pack,-84.842,615.968,101.434,0.000,72.265,231.673,-73.370,625.940,16.521,-89.583,632.529,16.521,0.0000,0.0000,-62.034,615.747,96.210,-104.221,626.449,96.210,0.3790,0.0000,0.0000,0,0.000,0.000,0.0000,0.0000,0,0,-104.221,626.449,96.210,0.000,0,-1.000000,1.000,28.924,-1.000000,0.0000,0.0000,0,0,0.000,1.000,19.607,-104.221,626.449,96.210,0,0,-1,99.638943
170,23.1520,open-look,-84.842,615.968,101.434,0.000,72.265,231.673,-73.370,625.940,16.521,-89.583,632.529,16.521,0.0000,0.0000,-62.006,615.878,96.228,-104.183,626.579,96.228,0.3790,0.0000,0.0000,0,0.000,0.000,0.0000,0.0000,0,0,-104.183,626.579,96.228,0.000,0,-1.000000,1.000,28.924,-1.000000,0.0000,0.0000,0,0,0.000,1.000,19.607,-104.183,626.579,96.228,0,0,-1,99.638943
171,23.3011,open-look,-84.842,615.968,101.434,0.000,72.265,231.673,-73.370,625.940,16.521,-89.583,632.529,16.521,0.0000,0.0000,-61.987,615.972,96.241,-104.155,626.671,96.241,0.3790,0.0000,0.0000,0,0.000,0.000,0.0000,0.0000,0,0,-104.155,626.671,96.241,0.000,0,-1.000000,1.000,28.924,-1.000000,0.0000,0.0000,0,0,0.000,1.000,19.607,-104.155,626.671,96.241,0,0,-1,99.638943
172,23.4392,open-look,-84.842,615.968,101.434,0.000,72.265,231.673,-73.370,625.940,16.521,-89.583,632.529,16.521,0.0000,0.0000,-61.968,616.063,96.254,-104.129,626.759,96.254,0.3790,0.0000,0.0000,0,0.000,0.000,0.0000,0.0000,0,0,-104.129,626.759,96.254,0.000,0,-1.000000,1.000,28.924,-1.000000,0.0000,0.0000,0,0,0.000,1.000,19.607,-104.129,626.759,96.254,0,0,-1,99.638943
173,23.5746,open-look,-84.842,615.968,101.434,0.000,72.265,231.673,-73.370,625.940,16.521,-89.583,632.529,16.521,0.0000,0.0000,-61.948,616.159,96.268,-104.101,626.854,96.268,0.3790,0.0000,0.0000,0,0.000,0.000,0.0000,0.0000,0,0,-104.101,626.854,96.268,0.000,0,-1.000000,1.000,28.924,-1.000000,0.0000,0.0000,0,0,0.000,1.000,19.607,-104.101,626.854,96.268,0,0,-1,99.638943
174,23.7249,open-look,-84.842,615.968,101.434,0.000,72.265,231.673,-73.370,625.940,16.521,-89.583,632.529,16.521,0.0000,0.0000,-61.929,616.250,96.281,-104.074,626.943,96.281,0.3790,0.0000,0.0000,0,0.000,0.000,0.0000,0.0000,0,0,-104.074,626.943,96.281,0.000,0,-1.000000,1.000,28.924,-1.000000,0.0000,0.0000,0,0,0.000,1.000,19.607,-104.074,626.943,96.281,0,0,-1,99.638943
175,23.8858,open-look,-84.842,615.968,101.434,0.000,72.265,231.673,-73.370,625.940,16.521,-89.583,632.529,16.521,0.0000,0.0000,-61.910,616.340,96.295,-104.048,627.030,96.295,0.3790,0.0000,0.0000,0,0.000,0.000,0.0000,0.0000,0,0,-104.048,627.030,96.295,0.000,0,-1.000000,1.000,28.924,-1.000000,0.0000,0.0000,0,0,0.000,1.000,19.607,-104.048,627.030,96.295,0,0,-1,99.638943
176,24.0267,open-look,-84.842,615.968,101.434,0.000,72.265,231.673,-73.370,625.940,16.521,-89.583,632.529,16.521,0.0000,0.0000,-61.910,616.341,96.295,-104.047,627.031,96.295,0.3790,0.0000,0.0000,0,0.000,0.000,0.0000,0.0000,0,0,-104.047,627.031,96.295,0.000,0,-1.000000,1.000,28.924,-1.000000,0.0000,0.0000,0,0,0.000,1.000,19.607,-104.047,627.031,96.295,0,0,-1,99.638943
177,24.1668,open-look,-84.842,615.968,101.434,0.000,72.265,231.673,-73.370,625.940,16.521,-89.583,632.529,16.521,0.0000,0.0000,-61.895,616.411,96.306,-104.027,627.099,96.306,0.3790,0.0000,0.0000,0,0.000,0.000,0.0000,0.0000,0,0,-104.027,627.099,96.306,0.000,0,-1.000000,1.000,28.924,-1.000000,0.0000,0.0000,0,0,0.000,1.000,19.607,-104.027,627.099,96.306,0,0,-1,99.638943
178,24.3168,open-look,-84.842,615.968,101.434,0.000,72.265,231.673,-73.370,625.940,16.521,-89.583,632.529,16.521,0.0000,0.0000,-61.895,616.411,96.306,-104.027,627.099,96.306,0.3790,0.0000,0.0000,0,0.000,0.000,0.0000,0.0000,0,0,-104.027,627.099,96.306,0.000,0,-1.000000,1.000,28.924,-1.000000,0.0000,0.0000,0,0,0.000,1.000,19.607,-104.027,627.099,96.306,0,0,-1,99.638943
179,24.4675,open-look,-84.842,615.968,101.434,0.000,72.265,231.673,-73.370,625.940,16.521,-89.583,632.529,16.521,0.0000,0.0000,-61.906,616.357,96.299,-104.043,627.047,96.299,0.3790,0.0000,0.0000,0,0.000,0.000,0.0000,0.0000,0,0,-104.043,627.047,96.299,0.000,0,-1.000000,1.000,28.924,-1.000000,0.0000,0.0000,0,0,0.000,1.000,19.607,-104.043,627.047,96.299,0,0,-1,99.638943
180,24.6275,open-look,-84.842,615.968,101.434,0.000,72.265,231.673,-73.370,625.940,16.521,-89.583,632.529,16.521,0.0000,0.0000,-61.924,616.273,96.291,-104.067,626.965,96.291,0.3790,0.0000,0.0000,0,0.000,0.000,0.0000,0.0000,0,0,-104.067,626.965,96.291,0.000,0,-1.000000,1.000,28.924,-1.000000,0.0000,0.0000,0,0,0.000,1.000,19.607,-104.067,626.965,96.291,0,0,-1,99.638943
181,24.7900,open-look,-84.842,615.968,101.434,0.000,72.265,231.673,-73.370,625.940,16.521,-89.583,632.529,16.521,0.0000,0.0000,-61.942,616.187,96.272,-104.093,626.881,96.272,0.3790,0.0000,0.0000,0,0.000,0.000,0.0000,0.0000,0,0,-104.093,626.881,96.272,0.000,0,-1.000000,1.000,28.924,-1.000000,0.0000,0.0000,0,0,0.000,1.000,19.607,-104.093,626.881,96.272,0,0,-1,99.638943
182,24.9426,open-look,-84.842,615.968,101.434,0.000,72.265,231.673,-73.370,625.940,16.521,-89.583,632.529,16.521,0.0000,0.0000,-61.964,616.082,96.257,-104.123,626.778,96.257,0.3790,0.0000,0.0000,0,0.000,0.000,0.0000,0.0000,0,0,-104.123,626.778,96.257,0.000,0,-1.000000,1.000,28.924,-1.000000,0.0000,0.0000,0,0,0.000,1.000,19.607,-104.123,626.778,96.257,0,0,-1,99.638943
183,25.1020,open-look,-84.842,615.968,101.434,0.000,72.265,231.673,-73.370,625.940,16.521,-89.583,632.529,16.521,0.0000,0.0000,-61.986,615.976,96.242,-104.154,626.675,96.242,0.3790,0.0000,0.0000,0,0.000,0.000,0.0000,0.0000,0,0,-104.154,626.675,96.242,0.000,0,-1.000000,1.000,28.924,-1.000000,0.0000,0.0000,0,0,0.000,1.000,19.607,-104.154,626.675,96.242,0,0,-1,99.638943
184,25.2425,open-look,-84.842,615.968,101.434,0.000,72.265,231.673,-73.370,625.940,16.521,-89.583,632.529,16.521,0.0000,0.0000,-62.004,615.889,96.230,-104.180,626.588,96.230,0.3790,0.0000,0.0000,0,0.000,0.000,0.0000,0.0000,0,0,-104.180,626.588,96.230,0.000,0,-1.000000,1.000,28.924,-1.000000,0.0000,0.0000,0,0,0.000,1.000,19.607,-104.180,626.588,96.230,0,0,-1,99.638943
185,25.3835,open-look,-84.842,615.968,101.434,0.000,72.265,231.673,-73.370,625.940,16.521,-89.583,632.529,16.521,0.0000,0.0000,-62.009,615.868,96.221,-104.185,626.567,96.221,0.3790,0.0000,0.0000,0,0.000,0.000,0.0000,0.0000,0,0,-104.185,626.567,96.221,0.000,0,-1.000000,1.000,28.924,-1.000000,0.0000,0.0000,0,0,0.000,1.000,19.607,-104.185,626.567,96.221,0,0,-1,99.638943
186,25.5231,open-look,-84.842,615.968,101.434,0.000,72.265,231.673,-73.370,625.940,16.521,-89.583,632.529,16.521,0.0000,0.0000,-62.031,615.764,96.213,-104.216,626.466,96.213,0.3790,0.0000,0.0000,0,0.000,0.000,0.0000,0.0000,0,0,-104.216,626.466,96.213,0.000,0,-1.000000,1.000,28.924,-1.000000,0.0000,0.0000,0,0,0.000,1.000,19.607,-104.216,626.466,96.213,0,0,-1,99.638943
187,25.6707,open-look,-84.842,615.968,101.434,0.000,72.265,231.673,-73.370,625.940,16.521,-89.583,632.529,16.521,0.0000,0.0000,-62.031,615.764,96.213,-104.216,626.466,96.213,0.3790,0.0000,0.0000,0,0.000,0.000,0.0000,0.0000,0,0,-104.216,626.466,96.213,0.000,0,-1.000000,1.000,28.924,-1.000000,0.0000,0.0000,0,0,0.000,1.000,19.607,-104.216,626.466,96.213,0,0,-1,99.638943
188,25.8175,open-look,-84.842,615.968,101.434,0.000,72.265,231.673,-73.370,625.940,16.521,-89.583,632.529,16.521,0.0000,0.0000,-62.034,615.747,96.210,-104.221,626.449,96.210,0.3790,0.0000,0.0000,0,0.000,0.000,0.0000,0.0000,0,0,-104.221,626.449,96.210,0.000,0,-1.000000,1.000,28.924,-1.000000,0.0000,0.0000,0,0,0.000,1.000,19.607,-104.221,626.449,96.210,0,0,-1,99.638943
189,25.9766,open-look,-84.842,615.968,101.434,0.000,72.265,231.673,-73.370,625.940,16.521,-89.583,632.529,16.521,0.0000,0.0000,-62.034,615.747,96.210,-104.221,626.449,96.210,0.3790,0.0000,0.0000,0,0.000,0.000,0.0000,0.0000,0,0,-104.221,626.449,96.210,0.000,0,-1.000000,1.000,28.924,-1.000000,0.0000,0.0000,0,0,0.000,1.000,19.607,-104.221,626.449,96.210,0,0,-1,99.638943
190,26.1340,open-look,-84.842,615.968,101.434,0.000,72.265,231.673,-73.370,625.940,16.521,-89.583,632.529,16.521,0.0000,0.0000,-62.009,615.867,96.227,-104.186,626.568,96.227,0.3790,0.0000,0.0000,0,0.000,0.000,0.0000,0.0000,0,0,-104.186,626.568,96.227,0.000,0,-1.000000,1.000,28.924,-1.000000,0.0000,0.0000,0,0,0.000,1.000,19.607,-104.186,626.568,96.227,0,0,-1,99.638943
191,26.2990,portrait-idle,-84.842,615.968,101.434,0.000,72.265,231.673,-73.370,625.940,16.521,-89.583,632.529,16.521,0.0000,0.0000,-61.987,615.971,96.241,-104.156,626.670,96.241,0.3790,0.0000,0.0000,0,0.000,0.000,0.0000,0.0000,0,0,-104.156,626.670,96.241,0.000,0,-1.000000,1.000,28.924,-1.000000,0.0000,0.0000,0,0,0.000,1.000,19.607,-104.156,626.670,96.241,0,0,-1,99.638943
192,26.4353,portrait-idle,-84.842,615.968,101.434,0.000,72.265,231.673,-73.370,625.940,16.521,-89.583,632.529,16.521,0.0000,0.0000,-61.968,616.060,96.254,-104.130,626.757,96.254,0.3790,0.0000,0.0000,0,0.000,0.000,0.0000,0.0000,0,0,-104.130,626.757,96.254,0.000,0,-1.000000,1.000,28.924,-1.000000,0.0000,0.0000,0,0,0.000,1.000,19.607,-104.130,626.757,96.254,0,0,-1,99.638943
193,26.5720,portrait-idle,-84.842,615.968,101.434,0.000,72.265,231.673,-73.370,625.940,16.521,-89.583,632.529,16.521,0.0000,0.0000,-61.948,616.158,96.268,-104.101,626.852,96.268,0.3790,0.0000,0.0000,0,0.000,0.000,0.0000,0.0000,0,0,-104.101,626.852,96.268,0.000,0,-1.000000,1.000,28.924,-1.000000,0.0000,0.0000,0,0,0.000,1.000,19.607,-104.101,626.852,96.268,0,0,-1,99.638943
194,26.7159,portrait-idle,-84.842,615.968,101.434,0.000,72.265,231.673,-73.370,625.940,16.521,-89.583,632.529,16.521,0.0000,0.0000,-61.930,616.245,96.281,-104.076,626.937,96.281,0.3790,0.0000,0.0000,0,0.000,0.000,0.0000,0.0000,0,0,-104.076,626.937,96.281,0.000,0,-1.000000,1.000,28.924,-1.000000,0.0000,0.0000,0,0,0.000,1.000,19.607,-104.076,626.937,96.281,0,0,-1,99.638943
195,26.8546,portrait-idle,-84.842,615.968,101.434,0.000,72.265,231.673,-73.370,625.940,16.521,-89.583,632.529,16.521,0.0000,0.0000,-61.913,616.327,96.293,-104.052,627.018,96.293,0.3790,0.0000,0.0000,0,0.000,0.000,0.0000,0.0000,0,0,-104.052,627.018,96.293,0.000,0,-1.000000,1.000,28.924,-1.000000,0.0000,0.0000,0,0,0.000,1.000,19.607,-104.052,627.018,96.293,0,0,-1,99.638943
196,26.9950,portrait-idle,-84.842,615.968,101.434,0.000,72.265,231.673,-73.370,625.940,16.521,-89.583,632.529,16.521,0.0000,0.0000,-61.910,616.341,96.295,-104.047,627.031,96.295,0.3790,0.0000,0.0000,0,0.000,0.000,0.0000,0.0000,0,0,-104.047,627.031,96.295,0.000,0,-1.000000,1.000,28.924,-1.000000,0.0000,0.0000,0,0,0.000,1.000,19.607,-104.047,627.031,96.295,0,0,-1,99.638943
197,27.1373,portrait-idle,-84.842,615.968,101.434,0.000,72.265,231.673,-73.370,625.940,16.521,-89.583,632.529,16.521,0.0000,0.0000,-61.910,616.341,96.295,-104.047,627.031,96.295,0.3790,0.0000,0.0000,0,0.000,0.000,0.0000,0.0000,0,0,-104.047,627.031,96.295,0.000,0,-1.000000,1.000,28.924,-1.000000,0.0000,0.0000,0,0,0.000,1.000,19.607,-104.047,627.031,96.295,0,0,-1,99.638943
198,27.2945,portrait-idle,-84.842,615.968,101.434,0.000,72.265,231.673,-73.370,625.940,16.521,-89.583,632.529,16.521,0.0000,0.0000,-61.895,616.411,96.306,-104.027,627.099,96.306,0.3790,0.0000,0.0000,0,0.000,0.000,0.0000,0.0000,0,0,-104.027,627.099,96.306,0.000,0,-1.000000,1.000,28.924,-1.000000,0.0000,0.0000,0,0,0.000,1.000,19.607,-104.027,627.099,96.306,0,0,-1,99.638943
199,27.4532,portrait-idle,-84.842,615.968,101.434,0.000,72.265,231.673,-73.370,625.940,16.521,-89.583,632.529,16.521,0.0000,0.0000,-61.905,616.365,96.299,-104.040,627.055,96.299,0.3790,0.0000,0.0000,0,0.000,0.000,0.0000,0.0000,0,0,-104.040,627.055,96.299,0.000,0,-1.000000,1.000,28.924,-1.000000,0.0000,0.0000,0,0,0.000,1.000,19.607,-104.040,627.055,96.299,0,0,-1,99.638943
200,27.6045,portrait-idle,-84.842,615.968,101.434,0.000,72.265,231.673,-73.370,625.940,16.521,-89.583,632.529,16.521,0.0000,0.0000,-61.922,616.286,96.292,-104.063,626.977,96.293,0.3790,0.0000,0.0000,0,0.000,0.000,0.0000,0.0000,0,0,-104.063,626.977,96.293,0.000,0,-1.000000,1.000,28.924,-1.000000,0.0000,0.0000,0,0,0.000,1.000,19.607,-104.063,626.977,96.293,0,0,-1,99.638943
201,27.7590,portrait-idle,-84.842,615.968,101.434,0.000,72.265,231.673,-73.370,625.940,16.521,-89.583,632.529,16.521,0.0000,0.0000,-61.937,616.208,96.275,-104.086,626.902,96.275,0.3790,0.0000,0.0000,0,0.000,0.000,0.0000,0.0000,0,0,-104.086,626.902,96.275,0.000,0,-1.000000,1.000,28.924,-1.000000,0.0000,0.0000,0,0,0.000,1.000,19.607,-104.086,626.902,96.275,0,0,-1,99.638943
202,27.9147,portrait-idle,-84.842,615.968,101.434,0.000,72.265,231.673,-73.370,625.940,16.521,-89.583,632.529,16.521,0.0000,0.0000,-61.960,616.100,96.259,-104.118,626.796,96.259,0.3790,0.0000,0.0000,0,0.000,0.000,0.0000,0.0000,0,0,-104.118,626.796,96.259,0.000,0,-1.000000,1.000,28.924,-1.000000,0.0000,0.0000,0,0,0.000,1.000,19.607,-104.118,626.796,96.259,0,0,-1,99.638943
203,28.0696,portrait-idle,-84.842,615.968,101.434,0.000,72.265,231.673,-73.370,625.940,16.521,-89.583,632.529,16.521,0.0000,0.0000,-61.981,615.999,96.245,-104.148,626.697,96.245,0.3790,0.0000,0.0000,0,0.000,0.000,0.0000,0.0000,0,0,-104.148,626.697,96.245,0.000,0,-1.000000,1.000,28.924,-1.000000,0.0000,0.0000,0,0,0.000,1.000,19.607,-104.148,626.697,96.245,0,0,-1,99.638943
204,28.2270,portrait-idle,-84.842,615.968,101.434,0.000,72.265,231.673,-73.370,625.940,16.521,-89.583,632.529,16.521,0.0000,0.0000,-62.004,615.892,96.230,-104.179,626.592,96.230,0.3790,0.0000,0.0000,0,0.000,0.000,0.0000,0.0000,0,0,-104.179,626.592,96.230,0.000,0,-1.000000,1.000,28.924,-1.000000,0.0000,0.0000,0,0,0.000,1.000,19.607,-104.179,626.592,96.230,0,0,-1,99.638943
205,28.3855,portrait-idle,-84.842,615.968,101.434,0.000,72.265,231.673,-73.370,625.940,16.521,-89.583,632.529,16.521,0.0000,0.0000,-62.010,615.867,96.221,-104.185,626.567,96.221,0.3790,0.0000,0.0000,0,0.000,0.000,0.0000,0.0000,0,0,-104.185,626.567,96.221,0.000,0,-1.000000,1.000,28.924,-1.000000,0.0000,0.0000,0,0,0.000,1.000,19.607,-104.185,626.567,96.221,0,0,-1,99.638943
206,28.5347,portrait-idle,-84.842,615.968,101.434,0.000,72.265,231.673,-73.370,625.940,16.521,-89.583,632.529,16.521,0.0000,0.0000,-62.031,615.764,96.213,-104.216,626.466,96.213,0.3790,0.0000,0.0000,0,0.000,0.000,0.0000,0.0000,0,0,-104.216,626.466,96.213,0.000,0,-1.000000,1.000,28.924,-1.000000,0.0000,0.0000,0,0,0.000,1.000,19.607,-104.216,626.466,96.213,0,0,-1,99.638943
207,28.6884,portrait-idle,-84.842,615.968,101.434,0.000,72.265,231.673,-73.370,625.940,16.521,-89.583,632.529,16.521,0.0000,0.0000,-62.031,615.764,96.213,-104.216,626.466,96.213,0.3790,0.0000,0.0000,0,0.000,0.000,0.0000,0.0000,0,0,-104.216,626.466,96.213,0.000,0,-1.000000,1.000,28.924,-1.000000,0.0000,0.0000,0,0,0.000,1.000,19.607,-104.216,626.466,96.213,0,0,-1,99.638943
208,28.8248,portrait-idle,-84.842,615.968,101.434,0.000,72.265,231.673,-73.370,625.940,16.521,-89.583,632.529,16.521,0.0000,0.0000,-62.034,615.747,96.210,-104.221,626.449,96.210,0.3790,0.0000,0.0000,0,0.000,0.000,0.0000,0.0000,0,0,-104.221,626.449,96.210,0.000,0,-1.000000,1.000,28.924,-1.000000,0.0000,0.0000,0,0,0.000,1.000,19.607,-104.221,626.449,96.210,0,0,-1,99.638943
209,28.9595,portrait-idle,-84.842,615.968,101.434,0.000,72.265,231.673,-73.370,625.940,16.521,-89.583,632.529,16.521,0.0000,0.0000,-62.034,615.747,96.210,-104.221,626.449,96.210,0.3790,0.0000,0.0000,0,0.000,0.000,0.0000,0.0000,0,0,-104.221,626.449,96.210,0.000,0,-1.000000,1.000,28.924,-1.000000,0.0000,0.0000,0,0,0.000,1.000,19.607,-104.221,626.449,96.210,0,0,-1,99.638943
210,29.0961,portrait-idle,-84.842,615.968,101.434,0.000,72.265,231.673,-73.370,625.940,16.521,-89.583,632.529,16.521,0.0000,0.0000,-62.014,615.843,96.223,-104.193,626.544,96.224,0.3790,0.0000,0.0000,0,0.000,0.000,0.0000,0.0000,0,0,-104.193,626.544,96.224,0.000,0,-1.000000,1.000,28.924,-1.000000,0.0000,0.0000,0,0,0.000,1.000,19.607,-104.193,626.544,96.224,0,0,-1,99.638943
211,29.2364,portrait-idle,-84.842,615.968,101.434,0.000,72.265,231.673,-73.370,625.940,16.521,-89.583,632.529,16.521,0.0000,0.0000,-61.995,615.932,96.236,-104.167,626.631,96.236,0.3790,0.0000,0.0000,0,0.000,0.000,0.0000,0.0000,0,0,-104.167,626.631,96.236,0.000,0,-1.000000,1.000,28.924,-1.000000,0.0000,0.0000,0,0,0.000,1.000,19.607,-104.167,626.631,96.236,0,0,-1,99.638943
212,29.3769,portrait-orbit,-84.842,615.968,101.434,0.000,72.265,231.673,-73.370,625.940,16.521,-89.583,632.529,16.521,0.0000,0.0000,-61.977,616.018,96.248,-104.142,626.716,96.248,0.3790,0.0000,0.0000,0,0.000,0.000,0.0000,0.0000,0,0,-104.142,626.716,96.248,0.000,0,-1.000000,1.000,28.924,-1.000000,0.0000,0.0000,0,0,0.000,1.000,19.607,-104.142,626.716,96.248,0,0,-1,99.638943
213,29.5273,portrait-orbit,-84.842,615.968,101.434,0.000,72.265,231.673,-73.370,625.940,16.521,-89.583,632.529,16.521,0.0000,0.0000,-61.955,616.126,96.263,-104.111,626.821,96.263,0.3790,0.0000,0.0000,0,0.000,0.000,0.0000,0.0000,0,0,-104.111,626.821,96.263,0.000,0,-1.000000,1.000,28.924,-1.000000,0.0000,0.0000,0,0,0.000,1.000,19.607,-104.111,626.821,96.263,0,0,-1,99.638943
214,29.6804,portrait-orbit,-84.842,615.968,101.434,0.000,72.265,231.673,-73.370,625.940,16.521,-89.583,632.529,16.521,0.0000,0.0000,-61.934,616.224,96.277,-104.082,626.917,96.278,0.3790,0.0000,0.0000,0,0.000,0.000,0.0000,0.0000,0,0,-104.082,626.917,96.278,0.000,0,-1.000000,1.000,28.924,-1.000000,0.0000,0.0000,0,0,0.000,1.000,19.607,-104.082,626.917,96.278,0,0,-1,99.638943
215,29.8198,portrait-orbit,-84.842,615.968,101.434,0.000,72.265,231.673,-73.370,625.940,16.521,-89.583,632.529,16.521,0.0000,0.0000,-61.917,616.306,96.290,-104.058,626.998,96.290,0.3790,0.0000,0.0000,0,0.000,0.000,0.0000,0.0000,0,0,-104.058,626.998,96.290,0.000,0,-1.000000,1.000,28.924,-1.000000,0.0000,0.0000,0,0,0.000,1.000,19.607,-104.058,626.998,96.290,0,0,-1,99.638943
216,29.9568,portrait-orbit,-84.842,615.968,101.434,0.000,72.265,231.673,-73.370,625.940,16.521,-89.583,632.529,16.521,0.0000,0.0000,-61.910,616.341,96.295,-104.047,627.031,96.295,0.3790,0.0000,0.0000,0,0.000,0.000,0.0000,0.0000,0,0,-104.047,627.031,96.295,0.000,0,-1.000000,1.000,28.924,-1.000000,0.0000,0.0000,0,0,0.000,1.000,19.607,-104.047,627.031,96.295,0,0,-1,99.638943
217,30.0928,portrait-orbit,-84.842,615.968,101.434,0.000,72.265,231.673,-73.370,625.940,16.521,-89.583,632.529,16.521,0.0000,0.0000,-61.910,616.341,96.295,-104.047,627.031,96.295,0.3790,0.0000,0.0000,0,0.000,0.000,0.0000,0.0000,0,0,-104.047,627.031,96.295,0.000,0,-1.000000,1.000,28.924,-1.000000,0.0000,0.0000,0,0,0.000,1.000,19.607,-104.047,627.031,96.295,0,0,-1,99.638943
218,30.2268,portrait-orbit,-84.842,615.968,101.434,0.000,72.265,231.673,-73.370,625.940,16.521,-89.583,632.529,16.521,0.0000,0.0000,-61.895,616.411,96.306,-104.027,627.099,96.306,0.3790,0.0000,0.0000,0,0.000,0.000,0.0000,0.0000,0,0,-104.027,627.099,96.306,0.000,0,-1.000000,1.000,28.924,-1.000000,0.0000,0.0000,0,0,0.000,1.000,19.607,-104.027,627.099,96.306,0,0,-1,99.638943
219,30.3826,portrait-orbit,-84.842,615.968,101.434,0.000,72.265,231.673,-73.370,625.940,16.521,-89.583,632.529,16.521,0.0000,0.0000,-61.895,616.411,96.306,-104.027,627.099,96.306,0.3790,0.0000,0.0000,0,0.000,0.000,0.0000,0.0000,0,0,-104.027,627.099,96.306,0.000,0,-1.000000,1.000,28.924,-1.000000,0.0000,0.0000,0,0,0.000,1.000,19.607,-104.027,627.099,96.306,0,0,-1,99.638943
220,30.5332,portrait-orbit,-84.842,615.968,101.434,0.000,72.265,231.673,-73.370,625.940,16.521,-89.583,632.529,16.521,0.0000,0.0000,-61.914,616.323,96.296,-104.053,627.014,96.296,0.3790,0.0000,0.0000,0,0.000,0.000,0.0000,0.0000,0,0,-104.053,627.014,96.296,0.000,0,-1.000000,1.000,28.924,-1.000000,0.0000,0.0000,0,0,0.000,1.000,19.607,-104.053,627.014,96.296,0,0,-1,99.638943
221,30.6868,portrait-orbit,-84.842,615.968,101.434,0.000,72.265,231.673,-73.370,625.940,16.521,-89.583,632.529,16.521,0.0000,0.0000,-61.927,616.257,96.283,-104.072,626.949,96.283,0.3790,0.0000,0.0000,0,0.000,0.000,0.0000,0.0000,0,0,-104.072,626.949,96.283,0.000,0,-1.000000,1.000,28.924,-1.000000,0.0000,0.0000,0,0,0.000,1.000,19.607,-104.072,626.949,96.283,0,0,-1,99.638943
222,30.8199,portrait-orbit,-84.842,615.968,101.434,0.000,72.265,231.673,-73.370,625.940,16.521,-89.583,632.529,16.521,0.0000,0.0000,-61.946,616.166,96.269,-104.099,626.860,96.269,0.3790,0.0000,0.0000,0,0.000,0.000,0.0000,0.0000,0,0,-104.099,626.860,96.269,0.000,0,-1.000000,1.000,28.924,-1.000000,0.0000,0.0000,0,0,0.000,1.000,19.607,-104.099,626.860,96.269,0,0,-1,99.638943
223,30.9537,portrait-orbit,-84.842,615.968,101.434,0.000,72.265,231.673,-73.370,625.940,16.521,-89.583,632.529,16.521,0.0000,0.0000,-61.964,616.079,96.256,-104.124,626.775,96.256,0.3790,0.0000,0.0000,0,0.000,0.000,0.0000,0.0000,0,0,-104.124,626.775,96.256,0.000,0,-1.000000,1.000,28.924,-1.000000,0.0000,0.0000,0,0,0.000,1.000,19.607,-104.124,626.775,96.256,0,0,-1,99.638943
224,31.0913,portrait-orbit,-84.842,615.968,101.434,0.000,72.265,231.673,-73.370,625.940,16.521,-89.583,632.529,16.521,0.0000,0.0000,-61.984,615.983,96.243,-104.152,626.682,96.243,0.3790,0.0000,0.0000,0,0.000,0.000,0.0000,0.0000,0,0,-104.152,626.682,96.243,0.000,0,-1.000000,1.000,28.924,-1.000000,0.0000,0.0000,0,0,0.000,1.000,19.607,-104.152,626.682,96.243,0,0,-1,99.638943
225,31.2258,portrait-orbit,-84.842,615.968,101.434,0.000,72.265,231.673,-73.370,625.940,16.521,-89.583,632.529,16.521,0.0000,0.0000,-62.003,615.892,96.230,-104.179,626.592,96.230,0.3790,0.0000,0.0000,0,0.000,0.000,0.0000,0.0000,0,0,-104.179,626.592,96.230,0.000,0,-1.000000,1.000,28.924,-1.000000,0.0000,0.0000,0,0,0.000,1.000,19.607,-104.179,626.592,96.230,0,0,-1,99.638943
226,31.3683,portrait-orbit,-84.842,615.968,101.434,0.000,72.265,231.673,-73.370,625.940,16.521,-89.583,632.529,16.521,0.0000,0.0000,-62.009,615.870,96.222,-104.185,626.569,96.222,0.3790,0.0000,0.0000,0,0.000,0.000,0.0000,0.0000,0,0,-104.185,626.569,96.222,0.000,0,-1.000000,1.000,28.924,-1.000000,0.0000,0.0000,0,0,0.000,1.000,19.607,-104.185,626.569,96.222,0,0,-1,99.638943
227,31.5249,portrait-orbit,-84.842,615.968,101.434,0.000,72.265,231.673,-73.370,625.940,16.521,-89.583,632.529,16.521,0.0000,0.0000,-62.031,615.764,96.213,-104.216,626.466,96.213,0.3790,0.0000,0.0000,0,0.000,0.000,0.0000,0.0000,0,0,-104.216,626.466,96.213,0.000,0,-1.000000,1.000,28.924,-1.000000,0.0000,0.0000,0,0,0.000,1.000,19.607,-104.216,626.466,96.213,0,0,-1,99.638943
228,31.6822,portrait-orbit,-84.842,615.968,101.434,0.000,72.265,231.673,-73.370,625.940,16.521,-89.583,632.529,16.521,0.0000,0.0000,-62.031,615.764,96.213,-104.216,626.466,96.213,0.3790,0.0000,0.0000,0,0.000,0.000,0.0000,0.0000,0,0,-104.216,626.466,96.213,0.000,0,-1.000000,1.000,28.924,-1.000000,0.0000,0.0000,0,0,0.000,1.000,19.607,-104.216,626.466,96.213,0,0,-1,99.638943
229,31.8359,portrait-orbit,-84.842,615.968,101.434,0.000,72.265,231.673,-73.370,625.940,16.521,-89.583,632.529,16.521,0.0000,0.0000,-62.034,615.747,96.210,-104.221,626.449,96.210,0.3790,0.0000,0.0000,0,0.000,0.000,0.0000,0.0000,0,0,-104.221,626.449,96.210,0.000,0,-1.000000,1.000,28.924,-1.000000,0.0000,0.0000,0,0,0.000,1.000,19.607,-104.221,626.449,96.210,0,0,-1,99.638943
230,31.9964,portrait-orbit,-84.842,615.968,101.434,0.000,72.265,231.673,-73.370,625.940,16.521,-89.583,632.529,16.521,0.0000,0.0000,-62.034,615.747,96.210,-104.221,626.449,96.210,0.3790,0.0000,0.0000,0,0.000,0.000,0.0000,0.0000,0,0,-104.221,626.449,96.210,0.000,0,-1.000000,1.000,28.924,-1.000000,0.0000,0.0000,0,0,0.000,1.000,19.607,-104.221,626.449,96.210,0,0,-1,99.638943
231,32.1475,portrait-orbit,-84.842,615.968,101.434,0.000,72.265,231.673,-73.370,625.940,16.521,-89.583,632.529,16.521,0.0000,0.0000,-62.007,615.875,96.228,-104.184,626.576,96.228,0.3790,0.0000,0.0000,0,0.000,0.000,0.0000,0.0000,0,0,-104.184,626.576,96.228,0.000,0,-1.000000,1.000,28.924,-1.000000,0.0000,0.0000,0,0,0.000,1.000,19.607,-104.184,626.576,96.228,0,0,-1,99.638943
232,32.3011,portrait-orbit,-84.842,615.968,101.434,0.000,72.265,231.673,-73.370,625.940,16.521,-89.583,632.529,16.521,0.0000,0.0000,-61.987,615.973,96.241,-104.155,626.671,96.241,0.3790,0.0000,0.0000,0,0.000,0.000,0.0000,0.0000,0,0,-104.155,626.671,96.241,0.000,0,-1.000000,1.000,28.924,-1.000000,0.0000,0.0000,0,0,0.000,1.000,19.607,-104.155,626.671,96.241,0,0,-1,99.638943
233,32.4387,portrait-orbit,-84.842,615.968,101.434,0.000,72.265,231.673,-73.370,625.940,16.521,-89.583,632.529,16.521,0.0000,0.0000,-61.968,616.062,96.254,-104.129,626.759,96.254,0.3790,0.0000,0.0000,0,0.000,0.000,0.0000,0.0000,0,0,-104.129,626.759,96.254,0.000,0,-1.000000,1.000,28.924,-1.000000,0.0000,0.0000,0,0,0.000,1.000,19.607,-104.129,626.759,96.254,0,0,-1,99.638943
234,32.5798,portrait-orbit,-84.842,615.968,101.434,0.000,72.265,231.673,-73.370,625.940,16.521,-89.583,632.529,16.521,0.0000,0.0000,-61.947,616.163,96.269,-104.100,626.858,96.269,0.3790,0.0000,0.0000,0,0.000,0.000,0.0000,0.0000,0,0,-104.100,626.858,96.269,0.000,0,-1.000000,1.000,28.924,-1.000000,0.0000,0.0000,0,0,0.000,1.000,19.607,-104.100,626.858,96.269,0,0,-1,99.638943
235,32.7221,portrait-orbit,-84.842,615.968,101.434,0.000,72.265,231.673,-73.370,625.940,16.521,-89.583,632.529,16.521,0.0000,0.0000,-61.929,616.248,96.281,-104.075,626.941,96.281,0.3790,0.0000,0.0000,0,0.000,0.000,0.0000,0.0000,0,0,-104.075,626.941,96.281,0.000,0,-1.000000,1.000,28.924,-1.000000,0.0000,0.0000,0,0,0.000,1.000,19.607,-104.075,626.941,96.281,0,0,-1,99.638943
236,32.8589,portrait-orbit,-84.842,615.968,101.434,0.000,72.265,231.673,-73.370,625.940,16.521,-89.583,632.529,16.521,0.0000,0.0000,-61.912,616.329,96.293,-104.051,627.020,96.293,0.3790,0.0000,0.0000,0,0.000,0.000,0.0000,0.0000,0,0,-104.051,627.020,96.293,0.000,0,-1.000000,1.000,28.924,-1.000000,0.0000,0.0000,0,0,0.000,1.000,19.607,-104.051,627.020,96.293,0,0,-1,99.638943
237,33.0171,portrait-orbit,-84.842,615.968,101.434,0.000,72.265,231.673,-73.370,625.940,16.521,-89.583,632.529,16.521,0.0000,0.0000,-61.910,616.341,96.295,-104.047,627.031,96.295,0.3790,0.0000,0.0000,0,0.000,0.000,0.0000,0.0000,0,0,-104.047,627.031,96.295,0.000,0,-1.000000,1.000,28.924,-1.000000,0.0000,0.0000,0,0,0.000,1.000,19.607,-104.047,627.031,96.295,0,0,-1,99.638943
238,33.1633,portrait-orbit,-84.842,615.968,101.434,0.000,72.265,231.673,-73.370,625.940,16.521,-89.583,632.529,16.521,0.0000,0.0000,-61.895,616.411,96.306,-104.027,627.099,96.306,0.3790,0.0000,0.0000,0,0.000,0.000,0.0000,0.0000,0,0,-104.027,627.099,96.306,0.000,0,-1.000000,1.000,28.924,-1.000000,0.0000,0.0000,0,0,0.000,1.000,19.607,-104.027,627.099,96.306,0,0,-1,99.638943
239,33.3168,portrait-orbit,-84.842,615.968,101.434,0.000,72.265,231.673,-73.370,625.940,16.521,-89.583,632.529,16.521,0.0000,0.0000,-61.895,616.411,96.306,-104.027,627.099,96.306,0.3790,0.0000,0.0000,0,0.000,0.000,0.0000,0.0000,0,0,-104.027,627.099,96.306,0.000,0,-1.000000,1.000,28.924,-1.000000,0.0000,0.0000,0,0,0.000,1.000,19.607,-104.027,627.099,96.306,0,0,-1,99.638943
240,33.4649,return-to-world,-84.842,615.968,101.434,0.000,72.265,231.673,-73.370,625.940,16.521,-89.583,632.529,16.521,0.0000,0.0000,-61.906,616.358,96.299,-104.042,627.049,96.299,0.3790,0.0000,0.0000,0,0.000,0.000,0.0000,0.0000,0,0,-104.042,627.049,96.299,0.000,0,-1.000000,1.000,28.924,-1.000000,0.0000,0.0000,0,0,0.000,1.000,19.607,-104.042,627.049,96.299,0,0,-1,99.638943
241,33.6138,return-to-world,-84.842,615.968,101.434,0.000,72.265,231.673,-73.370,625.940,16.521,-89.583,632.529,16.521,0.0000,0.0000,-61.923,616.281,96.292,-104.065,626.972,96.292,0.3790,0.0000,0.0000,0,0.000,0.000,0.0000,0.0000,0,0,-104.065,626.972,96.292,0.000,0,-1.000000,1.000,28.924,-1.000000,0.0000,0.0000,0,0,0.000,1.000,19.607,-104.065,626.972,96.292,0,0,-1,99.636562
242,33.7610,return-to-world,-84.842,615.968,101.434,0.000,72.265,231.673,-73.370,625.940,16.521,-89.583,632.529,16.521,0.0000,0.0000,-61.938,616.207,96.275,-104.087,626.900,96.275,0.3790,0.0000,0.0000,0,0.000,0.000,0.0000,0.0000,0,0,-104.087,626.900,96.275,0.000,0,-1.000000,1.000,28.924,-1.000000,0.0000,0.0000,0,0,0.000,1.000,19.607,-104.087,626.900,96.275,0,0,-1,99.634204
243,33.9048,return-to-world,-84.842,615.968,101.434,0.000,72.265,231.673,-73.370,625.940,16.521,-89.583,632.529,16.521,0.0000,0.0000,-61.959,616.107,96.260,-104.116,626.802,96.260,0.3790,0.0000,0.0000,0,0.000,0.000,0.0000,0.0000,0,0,-104.116,626.802,96.260,0.000,0,-1.000000,1.000,28.924,-1.000000,0.0000,0.0000,0,0,0.000,1.000,19.607,-104.116,626.802,96.260,0,0,-1,99.631905
244,34.0507,return-to-world,-84.842,615.968,101.434,0.000,72.265,231.673,-73.370,625.940,16.521,-89.583,632.529,16.521,0.0000,0.0000,-61.978,616.012,96.247,-104.144,626.709,96.247,0.3790,0.0000,0.0000,0,0.000,0.000,0.0000,0.0000,0,0,-104.144,626.709,96.247,0.000,0,-1.000000,1.000,28.924,-1.000000,0.0000,0.0000,0,0,0.000,1.000,19.607,-104.144,626.709,96.247,0,0,-1,99.629571
245,34.1938,return-to-world,-84.842,615.968,101.434,0.000,72.265,231.673,-73.370,625.940,16.521,-89.583,632.529,16.521,0.0000,0.0000,-61.999,615.913,96.233,-104.173,626.612,96.233,0.3790,0.0000,0.0000,0,0.000,0.000,0.0000,0.0000,0,0,-104.173,626.612,96.233,0.000,0,-1.000000,1.000,28.924,-1.000000,0.0000,0.0000,0,0,0.000,1.000,19.607,-104.173,626.612,96.233,0,0,-1,99.627284
246,34.3380,return-to-world,-84.842,615.968,101.434,0.000,72.265,231.673,-73.370,625.940,16.521,-89.583,632.529,16.521,0.0000,0.0000,-62.008,615.874,96.224,-104.184,626.574,96.224,0.3790,0.0000,0.0000,0,0.000,0.000,0.0000,0.0000,0,0,-104.184,626.574,96.224,0.000,0,-1.000000,1.000,28.924,-1.000000,0.0000,0.0000,0,0,0.000,1.000,19.607,-104.184,626.574,96.224,0,0,-1,99.624970
247,34.4848,walk-to-forage,-84.842,615.968,101.434,0.000,72.265,231.673,-73.370,625.940,16.521,-89.583,632.529,16.521,0.0000,0.0000,-62.013,615.853,96.214,-104.189,626.552,96.214,0.3790,0.0000,0.0000,0,-100.000,550.000,0.0000,0.0000,0,0,-104.189,626.552,96.214,0.000,0,-1.000000,1.000,28.924,-1.000000,0.0000,0.0000,0,0,0.000,1.000,19.607,-104.189,626.552,96.214,0,0,0,99.622625
248,34.6155,walk-to-forage,-86.083,614.399,101.369,22.886,111.498,237.328,-78.779,618.821,15.711,-107.037,638.179,17.111,0.6539,0.1907,-66.298,624.456,92.500,-109.794,614.701,93.275,0.4039,0.0000,0.0000,0,-100.000,550.000,0.0000,0.0000,0,0,-109.794,614.701,93.275,0.000,0,-1.000000,1.000,28.924,-1.000000,0.0000,0.0000,0,0,0.000,1.000,19.607,-109.794,614.701,93.275,0,0,0,99.620533
249,34.7435,walk-to-forage,-88.795,610.407,101.214,45.000,149.856,241.200,-75.491,613.459,16.081,-130.265,621.537,16.822,1.0000,0.3750,-80.514,630.995,89.860,-106.904,595.620,90.525,0.4518,0.0000,0.0000,0,-100.000,550.000,0.0000,0.0000,0,0,-106.904,595.620,90.525,0.000,0,-1.000000,1.000,28.924,-1.000000,0.0000,0.0000,0,0,0.000,1.000,19.607,-106.904,595.620,90.525,0,0,0,99.618487
250,34.8743,walk-to-forage,-91.775,605.322,101.026,45.000,-170.852,244.412,-77.672,617.052,16.119,-132.249,587.056,16.067,1.0000,0.3750,-102.168,624.972,89.858,-92.524,582.565,89.850,0.5010,0.0000,0.0000,0,-100.000,550.000,0.0000,0.0000,0,0,-92.524,582.565,89.850,0.000,0,-1.000000,1.000,28.924,-1.000000,0.0000,0.0000,0,0,0.000,1.000,19.607,-92.524,582.565,89.850,0,0,0,99.616392
251,35.0050,walk-to-forage,-94.436,600.087,100.843,45.000,-131.700,247.212,-92.187,617.024,16.540,-111.011,565.162,15.705,1.0000,0.3750,-117.206,605.785,90.183,-78.139,585.136,89.499,0.5499,0.0000,0.0000,0,-100.000,550.000,0.0000,0.0000,0,0,-78.139,585.136,89.499,0.000,0,-1.000000,1.000,28.924,-1.000000,0.0000,0.0000,0,0,0.000,1.000,19.607,-78.139,585.136,89.499,0,0,0,99.614304
252,35.1520,walk-to-forage,-97.112,594.028,100.641,45.000,-112.788,250.106,-101.934,605.732,18.799,-98.965,561.725,15.615,1.0000,0.3750,-120.997,588.284,91.589,-74.923,588.777,90.270,0.6051,0.0000,0.0000,0,-100.000,550.000,0.0000,0.0000,0,0,-74.923,588.777,90.270,0.000,0,-1.000000,1.000,28.924,-1.000000,0.0000,0.0000,0,0,0.000,1.000,19.607,-74.923,588.777,90.270,0,0,0,99.611948
253,35.2973,walk-to-forage,-99.443,587.929,100.443,45.000,-109.894,252.840,-107.144,592.150,21.529,-97.972,561.820,15.542,1.0000,0.3750,-123.553,578.312,93.126,-76.116,586.602,91.348,0.6595,0.0000,0.0000,0,-100.000,550.000,0.0000,0.0000,0,0,-76.116,586.602,91.348,0.000,0,-1.000000,1.000,28.924,-1.000000,0.0000,0.0000,0,0,0.000,1.000,19.607,-76.116,586.602,91.348,0,0,0,99.609627
254,35.4308,settle-forage,-99.443,587.929,100.443,0.000,-109.894,252.840,-109.836,583.400,16.420,-96.224,567.959,15.214,0.3310,0.0000,-122.857,585.252,94.289,-78.961,579.757,93.681,0.6595,0.0000,0.0000,0,-100.000,550.000,0.0000,0.0000,0,0,-78.961,579.757,93.681,0.000,0,-1.000000,1.000,28.924,-1.000000,0.0000,0.0000,0,0,0.000,1.000,19.607,-78.961,579.757,93.681,0,0,0,99.607486
255,35.5614,settle-forage,-99.443,587.929,100.443,0.000,-109.894,252.840,-111.283,578.396,15.531,-95.330,571.201,15.531,0.0000,0.0000,-122.326,588.609,95.276,-80.605,576.334,95.276,0.6595,0.0000,0.0000,0,-100.000,550.000,0.0000,0.0000,0,0,-80.605,576.334,95.276,0.000,0,-1.000000,1.000,28.924,-1.000000,0.0000,0.0000,0,0,0.000,1.000,19.607,-80.605,576.334,95.276,0,0,0,99.605401
256,35.6897,settle-forage,-99.443,587.929,100.443,0.000,-109.894,252.840,-111.283,578.396,15.531,-95.330,571.201,15.531,0.0000,0.0000,-122.346,588.531,95.288,-80.631,576.258,95.288,0.6595,0.0000,0.0000,0,-100.000,550.000,0.0000,0.0000,0,0,-80.631,576.258,95.288,0.000,0,-1.000000,1.000,28.924,-1.000000,0.0000,0.0000,0,0,0.000,1.000,19.607,-80.631,576.258,95.288,0,0,0,99.603343
257,35.8341,settle-forage,-99.443,587.929,100.443,0.000,-109.894,252.840,-111.283,578.396,15.531,-95.330,571.201,15.531,0.0000,0.0000,-122.367,588.446,95.300,-80.659,576.175,95.301,0.6595,0.0000,0.0000,0,-100.000,550.000,0.0000,0.0000,0,0,-80.659,576.175,95.301,0.000,0,-1.000000,1.000,28.924,-1.000000,0.0000,0.0000,0,0,0.000,1.000,19.607,-80.659,576.175,95.301,0,0,0,99.601036
258,35.9904,settle-forage,-99.443,587.929,100.443,0.000,-109.894,252.840,-111.283,578.396,15.531,-95.330,571.201,15.531,0.0000,0.0000,-122.373,588.420,95.304,-80.668,576.150,95.304,0.6595,0.0000,0.0000,0,-100.000,550.000,0.0000,0.0000,0,0,-80.668,576.150,95.304,0.000,0,-1.000000,1.000,28.924,-1.000000,0.0000,0.0000,0,0,0.000,1.000,19.607,-80.668,576.150,95.304,0,0,0,99.598533
259,36.1401,view-picking-side,-99.443,587.929,100.443,0.000,-109.894,252.840,-111.283,578.396,15.531,-95.330,571.201,15.531,0.0000,0.0000,-122.375,588.412,95.305,-80.671,576.143,95.305,0.6595,0.0000,0.0000,0,-100.000,550.000,0.0000,0.0000,0,0,-80.671,576.143,95.305,0.000,0,-1.000000,1.000,28.924,-1.000000,0.0000,0.0000,0,0,0.000,1.000,19.607,-80.671,576.143,95.305,0,0,0,99.596141
260,36.2913,view-picking-side,-99.443,587.929,100.443,0.000,-109.894,244.747,-111.283,578.396,15.531,-95.330,571.201,15.531,0.0000,0.0000,-122.390,588.351,95.315,-80.691,576.083,95.315,0.6595,0.0000,0.0000,0,-100.000,550.000,0.0000,0.0000,0,0,-80.691,576.083,95.315,0.000,0,-1.000000,1.000,28.924,-1.000000,0.0000,0.0000,0,0,0.000,1.000,19.607,-80.691,576.083,95.315,0,0,0,99.593717
261,36.4190,view-picking-side,-99.443,587.929,100.443,0.000,-109.894,237.936,-111.283,578.396,15.531,-95.330,571.201,15.531,0.0000,0.0000,-122.384,588.376,95.311,-80.683,576.107,95.311,0.6595,0.0000,0.0000,0,-100.000,550.000,0.0000,0.0000,0,0,-80.683,576.107,95.311,0.000,0,-1.000000,1.000,28.924,-1.000000,0.0000,0.0000,0,0,0.000,1.000,19.607,-80.683,576.107,95.311,0,0,0,99.591678
262,36.5487,view-picking-side,-99.443,587.929,100.443,0.000,-109.894,230.994,-111.283,578.396,15.531,-95.330,571.201,15.531,0.0000,0.0000,-122.367,588.446,95.304,-80.660,576.175,95.304,0.6595,0.0000,0.0000,0,-100.000,550.000,0.0000,0.0000,0,0,-80.660,576.175,95.304,0.000,0,-1.000000,1.000,28.924,-1.000000,0.0000,0.0000,0,0,0.000,1.000,19.607,-80.660,576.175,95.304,0,0,0,99.589600
263,36.6764,view-picking-side,-99.443,587.929,100.443,0.000,-109.894,224.180,-111.283,578.396,15.531,-95.330,571.201,15.531,0.0000,0.0000,-122.351,588.508,95.297,-80.639,576.235,95.297,0.6595,0.0000,0.0000,0,-100.000,550.000,0.0000,0.0000,0,0,-80.639,576.235,95.297,0.000,0,-1.000000,1.000,28.924,-1.000000,0.0000,0.0000,0,0,0.000,1.000,19.607,-80.639,576.235,95.297,0,0,0,99.587559
264,36.8031,view-picking-side,-99.443,587.929,100.443,0.000,-109.894,217.403,-111.283,578.396,15.531,-95.330,571.201,15.531,0.0000,0.0000,-122.333,588.582,95.280,-80.614,576.308,95.280,0.6595,0.0000,0.0000,0,-100.000,550.000,0.0000,0.0000,0,0,-80.614,576.308,95.280,0.000,0,-1.000000,1.000,28.924,-1.000000,0.0000,0.0000,0,0,0.000,1.000,19.607,-80.614,576.308,95.280,0,0,0,99.585530
265,36.9288,view-picking-side,-99.443,587.929,100.443,0.000,-109.894,210.692,-111.283,578.396,15.531,-95.330,571.201,15.531,0.0000,0.0000,-122.311,588.669,95.267,-80.585,576.392,95.267,0.6595,0.0000,0.0000,0,-100.000,550.000,0.0000,0.0000,0,0,-80.585,576.392,95.267,0.000,0,-1.000000,1.000,28.924,-1.000000,0.0000,0.0000,0,0,0.000,1.000,19.607,-80.585,576.392,95.267,0,0,0,99.583521
266,37.0559,view-picking-side,-99.443,587.929,100.443,0.000,-109.894,203.891,-111.283,578.396,15.531,-95.330,571.201,15.531,0.0000,0.0000,-122.291,588.750,95.256,-80.558,576.472,95.256,0.6595,0.0000,0.0000,0,-100.000,550.000,0.0000,0.0000,0,0,-80.558,576.472,95.256,0.000,0,-1.000000,1.000,28.924,-1.000000,0.0000,0.0000,0,0,0.000,1.000,19.607,-80.558,576.472,95.256,0,0,0,99.581484
267,37.3302,before-pick,-99.443,587.929,100.443,0.000,-109.894,196.350,-111.283,578.396,15.531,-95.330,571.201,15.531,0.0000,0.0000,-122.258,588.881,95.234,-80.515,576.601,95.234,0.6595,0.0000,0.0000,0,-100.000,550.000,0.0000,0.0000,0,0,-80.515,576.601,95.234,0.000,0,-1.000000,1.000,28.924,-1.000000,0.0000,0.0000,0,0,0.000,1.000,19.607,-80.515,576.601,95.234,0,0,0,99.577097
268,37.5198,before-pick,-99.443,587.929,100.443,0.000,-109.894,196.350,-111.283,578.396,15.531,-95.330,571.201,15.531,0.0000,0.0000,-122.233,588.983,95.222,-80.481,576.699,95.222,0.6595,0.0000,0.0000,0,-100.000,550.000,0.0000,0.0000,0,0,-80.481,576.699,95.222,0.000,0,-1.000000,1.000,28.924,-1.000000,0.0000,0.0000,0,0,0.000,1.000,19.607,-80.481,576.699,95.222,0,0,0,99.574067
269,37.6513,before-pick,-99.443,587.929,100.443,0.000,-109.894,196.350,-111.283,578.396,15.531,-95.330,571.201,15.531,0.0000,0.0000,-122.231,588.992,95.222,-80.478,576.709,95.222,0.6595,0.0000,0.0000,0,-100.000,550.000,0.0000,0.0000,0,0,-80.478,576.709,95.222,0.000,0,-1.000000,1.000,28.924,-1.000000,0.0000,0.0000,0,0,0.000,1.000,19.607,-80.478,576.709,95.222,0,0,0,99.571960
270,37.7824,before-pick,-99.443,587.929,100.443,0.000,-109.894,196.350,-111.283,578.396,15.531,-95.330,571.201,15.531,0.0000,0.0000,-122.231,588.992,95.222,-80.478,576.709,95.222,0.6595,0.0000,0.0000,0,-100.000,550.000,0.0000,0.0000,0,0,-80.478,576.709,95.222,0.000,0,-1.000000,1.000,28.924,-1.000000,0.0000,0.0000,0,0,0.000,1.000,19.607,-80.478,576.709,95.222,0,0,0,99.569864
271,37.9130,before-pick,-99.443,587.929,100.443,0.000,-109.894,196.350,-111.283,578.396,15.531,-95.330,571.201,15.531,0.0000,0.0000,-122.226,589.009,95.220,-80.472,576.725,95.220,0.6595,0.0000,0.0000,0,-100.000,550.000,0.0000,0.0000,0,0,-80.472,576.725,95.220,0.000,0,-1.000000,1.000,28.924,-1.000000,0.0000,0.0000,0,0,0.000,1.000,19.607,-80.472,576.725,95.220,0,0,0,99.567771
272,38.1606,gather,-99.443,587.929,100.443,0.000,-109.894,196.350,-111.244,578.453,15.554,-95.338,571.212,15.546,0.0000,0.0000,-121.974,589.821,93.439,-80.474,577.094,93.452,0.6595,0.9722,0.1167,1,-100.000,550.000,0.0000,0.0000,0,0,-80.474,577.094,93.452,0.000,0,-1.000000,1.000,28.924,-1.000000,0.0000,0.0000,0,0,0.000,1.000,19.607,-80.474,577.094,93.452,0,0,0,99.563809
273,38.2937,gather,-99.443,587.929,100.443,0.000,-109.894,196.350,-111.266,578.412,15.393,-95.339,571.046,15.421,0.0000,0.0000,-121.039,592.995,88.511,-82.691,573.413,89.183,0.6595,1.0000,0.2498,1,-100.000,550.000,0.0000,0.0000,0,0,-82.691,573.413,89.183,0.000,0,-1.000000,1.000,28.924,-1.000000,0.0000,0.0000,0,0,0.000,1.000,19.607,-82.691,573.413,89.183,0,0,0,99.561679
274,38.4264,gather,-99.443,587.929,100.443,0.000,-109.894,196.350,-111.318,578.286,15.939,-95.353,571.097,15.946,0.0000,0.0000,-120.140,596.051,84.688,-89.367,559.553,91.365,0.6595,1.0000,0.3825,1,-100.000,550.000,0.0000,0.0000,0,0,-89.367,559.553,91.365,0.000,0,-1.000000,1.000,28.924,-1.000000,0.0000,0.0000,0,0,0.000,1.000,19.607,-89.367,559.553,91.365,0,0,0,99.559555
275,38.5569,gather,-99.443,587.929,100.443,0.000,-109.894,196.350,-111.299,578.375,15.549,-95.337,571.136,15.558,0.0000,0.0000,-119.759,597.349,82.662,-93.098,552.782,95.460,0.6595,1.0000,0.5129,1,-100.000,550.000,0.0000,0.0000,0,0,-93.098,552.782,95.460,0.000,0,-1.000000,1.000,28.924,-1.000000,0.0000,0.0000,0,0,0.000,1.000,19.607,-93.098,552.782,95.460,0,0,0,99.557470
276,38.6887,gather,-99.443,587.929,100.443,0.000,-109.894,196.350,-111.324,578.307,15.563,-95.334,571.135,15.558,0.0000,0.0000,-119.759,597.349,82.662,-92.338,555.442,97.473,0.6595,1.0000,0.6447,1,-100.000,550.000,0.0000,0.0000,0,0,-92.338,555.442,97.473,0.000,0,-1.000000,1.000,28.924,-1.000000,0.0000,0.0000,0,0,0.000,1.000,19.607,-92.338,555.442,97.473,0,0,0,99.555360
277,38.8176,gather,-99.443,587.929,100.443,0.000,-109.894,196.350,-111.335,578.276,15.569,-95.333,571.134,15.558,0.0000,0.0000,-119.759,597.349,82.662,-92.167,555.927,97.814,0.6595,1.0000,0.7737,1,-100.000,550.000,0.0000,0.0000,0,0,-92.167,555.927,97.814,0.000,0,-1.000000,1.000,28.924,-1.000000,0.0000,0.0000,0,0,0.000,1.000,19.607,-92.167,555.927,97.814,0,0,0,99.553297
278,38.9562,gather,-99.443,587.929,100.443,0.000,-109.894,196.350,-111.288,578.425,15.316,-95.314,571.359,15.285,0.0000,0.0000,-119.790,597.243,82.650,-92.464,554.023,94.596,0.6595,1.0000,0.9122,1,-100.000,550.000,0.0000,0.0000,0,0,-92.464,554.023,94.596,0.000,0,-1.000000,1.000,28.924,-1.000000,0.0000,0.0000,0,0,0.000,1.000,19.607,-92.464,554.023,94.596,0,0,0,99.551080
279,39.0873,gather,-99.443,587.929,100.443,0.000,-109.894,196.350,-111.329,578.304,15.548,-95.327,571.231,15.569,0.0000,0.0000,-120.189,595.885,84.620,-88.697,560.875,90.460,0.6595,1.0000,1.0433,1,-100.000,550.000,0.0000,0.0000,0,0,-88.697,560.875,90.460,0.000,0,-1.000000,1.000,28.924,-1.000000,0.0000,0.0000,0,0,0.000,1.000,19.607,-88.697,560.875,90.460,0,0,0,99.548983
280,39.2188,gather,-99.443,587.929,100.443,0.000,-109.894,196.350,-111.293,578.366,15.439,-95.332,571.183,15.456,0.0000,0.0000,-120.782,593.870,87.331,-84.080,570.511,88.735,0.6595,1.0000,1.1749,1,-100.000,550.000,0.0000,0.0000,0,0,-84.080,570.511,88.735,0.000,0,-1.000000,1.000,28.924,-1.000000,0.0000,0.0000,0,0,0.000,1.000,19.607,-84.080,570.511,88.735,0,0,0,99.546878
281,39.3587,gather,-99.443,587.929,100.443,0.000,-109.894,196.350,-111.241,578.494,15.426,-95.318,571.292,15.412,0.0000,0.0000,-121.480,591.496,90.794,-81.148,576.388,90.949,0.6595,1.0000,1.3147,1,-100.000,550.000,0.0000,0.0000,0,0,-81.148,576.388,90.949,0.000,0,-1.000000,1.000,28.924,-1.000000,0.0000,0.0000,0,0,0.000,1.000,19.607,-81.148,576.388,90.949,0,0,0,99.544640
282,39.4892,gather,-99.443,587.929,100.443,0.000,-109.894,196.350,-111.238,578.452,15.662,-95.350,571.236,15.665,0.0000,0.0000,-122.071,589.484,94.045,-80.482,576.931,94.053,0.6595,0.8958,1.4452,1,-100.000,550.000,0.0000,0.0000,0,0,-80.482,576.931,94.053,0.000,0,-1.000000,1.000,28.924,-1.000000,0.0000,0.0000,0,0,0.000,1.000,19.607,-80.482,576.931,94.053,0,0,0,99.542552
283,39.6300,gather,-99.443,587.929,100.443,0.000,-109.894,196.350,-111.283,578.396,15.532,-95.330,571.202,15.531,0.0000,0.0000,-122.355,588.491,95.301,-80.645,576.219,95.301,0.6595,0.0154,1.5861,1,-100.000,550.000,0.0000,0.0000,0,0,-80.645,576.219,95.301,0.000,0,-1.000000,1.000,28.924,-1.000000,0.0000,0.0000,0,0,0.000,1.000,19.607,-80.645,576.219,95.301,0,0,0,99.540298
284,39.7616,gather,-99.443,587.929,100.443,0.000,-109.894,196.350,-111.283,578.396,15.531,-95.330,571.201,15.531,0.0000,0.0000,-122.340,588.553,95.284,-80.624,576.280,95.284,0.6595,0.0000,1.6000,1,-100.000,550.000,0.0000,0.0000,0,0,-80.624,576.280,95.284,0.000,0,-1.000000,1.000,28.924,-1.000000,0.0000,0.0000,0,0,0.000,1.000,19.607,-80.624,576.280,95.284,0,0,0,99.538194
285,39.8956,gather,-99.443,587.929,100.443,0.000,-109.894,196.350,-111.283,578.396,15.531,-95.330,571.201,15.531,0.0000,0.0000,-122.317,588.646,95.271,-80.593,576.370,95.271,0.6595,0.0000,1.6000,1,-100.000,550.000,0.0000,0.0000,0,0,-80.593,576.370,95.271,0.000,0,-1.000000,1.000,28.924,-1.000000,0.0000,0.0000,0,0,0.000,1.000,19.607,-80.593,576.370,95.271,0,0,0,99.536048
286,40.0292,gather,-99.443,587.929,100.443,0.000,-109.894,196.350,-111.283,578.396,15.531,-95.330,571.201,15.531,0.0000,0.0000,-122.296,588.732,95.258,-80.564,576.454,95.258,0.6595,0.0000,1.6000,1,-100.000,550.000,0.0000,0.0000,0,0,-80.564,576.454,95.258,0.000,0,-1.000000,1.000,28.924,-1.000000,0.0000,0.0000,0,0,0.000,1.000,19.607,-80.564,576.454,95.258,0,0,0,99.533911
287,40.1550,gather,-99.443,587.929,100.443,0.000,-109.894,196.350,-111.283,578.396,15.531,-95.330,571.201,15.531,0.0000,0.0000,-122.274,588.818,95.246,-80.536,576.538,95.246,0.6595,0.0000,1.6000,1,-100.000,550.000,0.0000,0.0000,0,0,-80.536,576.538,95.246,0.000,0,-1.000000,1.000,28.924,-1.000000,0.0000,0.0000,0,0,0.000,1.000,19.607,-80.536,576.538,95.246,0,0,0,99.531899
288,40.2917,gather,-99.443,587.929,100.443,0.000,-109.894,196.350,-111.283,578.396,15.531,-95.330,571.201,15.531,0.0000,0.0000,-122.260,588.876,95.236,-80.517,576.595,95.236,0.6595,0.0000,1.6000,1,-100.000,550.000,0.0000,0.0000,0,0,-80.517,576.595,95.236,0.000,0,-1.000000,1.000,28.924,-1.000000,0.0000,0.0000,0,0,0.000,1.000,19.607,-80.517,576.595,95.236,0,0,0,99.529712
289,40.4225,gather,-99.443,587.929,100.443,0.000,-109.894,196.350,-111.283,578.396,15.531,-95.330,571.201,15.531,0.0000,0.0000,-122.254,588.895,95.228,-80.511,576.614,95.228,0.6595,0.0000,1.6000,1,-100.000,550.000,0.0000,0.0000,0,0,-80.511,576.614,95.228,0.000,0,-1.000000,1.000,28.924,-1.000000,0.0000,0.0000,0,0,0.000,1.000,19.607,-80.511,576.614,95.228,0,0,0,99.527618
290,40.5558,gather,-99.443,587.929,100.443,0.000,-109.894,196.350,-111.283,578.396,15.531,-95.330,571.201,15.531,0.0000,0.0000,-122.231,588.992,95.222,-80.478,576.709,95.222,0.6595,0.0000,1.6000,1,-100.000,550.000,0.0000,0.0000,0,0,-80.478,576.709,95.222,0.000,0,-1.000000,1.000,28.924,-1.000000,0.0000,0.0000,0,0,0.000,1.000,19.607,-80.478,576.709,95.222,0,0,0,99.525486
291,40.6894,gather,-99.443,587.929,100.443,0.000,-109.894,196.350,-111.283,578.396,15.531,-95.330,571.201,15.531,0.0000,0.0000,-122.231,588.992,95.222,-80.478,576.709,95.222,0.6595,0.0000,1.6000,1,-100.000,550.000,0.0000,0.0000,0,0,-80.478,576.709,95.222,0.000,0,-1.000000,1.000,28.924,-1.000000,0.0000,0.0000,0,0,0.000,1.000,19.607,-80.478,576.709,95.222,0,0,0,99.523348
292,40.8209,gather,-99.443,587.929,100.443,0.000,-109.894,196.350,-111.283,578.396,15.531,-95.330,571.201,15.531,0.0000,0.0000,-122.226,589.009,95.220,-80.472,576.725,95.220,0.6595,0.0000,1.6000,1,-100.000,550.000,0.0000,0.0000,0,0,-80.472,576.725,95.220,0.000,0,-1.000000,1.000,28.924,-1.000000,0.0000,0.0000,0,0,0.000,1.000,19.607,-80.472,576.725,95.220,0,0,0,99.521245
293,40.9527,gather,-99.443,587.929,100.443,0.000,-109.894,196.350,-111.283,578.396,15.531,-95.330,571.201,15.531,0.0000,0.0000,-122.226,589.009,95.220,-80.472,576.725,95.220,0.6595,0.0000,1.6000,1,-100.000,550.000,0.0000,0.0000,0,0,-80.472,576.725,95.220,0.000,0,-1.000000,1.000,28.924,-1.000000,0.0000,0.0000,0,0,0.000,1.000,19.607,-80.472,576.725,95.220,0,0,0,99.519136
294,41.2041,after-gather,-99.443,587.929,100.443,0.000,-109.894,196.350,-111.283,578.396,15.531,-95.330,571.201,15.531,0.0000,0.0000,-122.267,588.846,95.242,-80.526,576.565,95.242,0.6595,0.0000,1.6000,1,-100.000,550.000,0.0000,0.0000,0,0,-80.526,576.565,95.242,0.000,0,-1.000000,1.000,28.924,-1.000000,0.0000,0.0000,0,0,0.000,1.000,19.607,-80.526,576.565,95.242,0,0,0,99.515115
295,41.3398,after-gather,-99.443,587.929,100.443,0.000,-109.894,196.350,-111.283,578.396,15.531,-95.330,571.201,15.531,0.0000,0.0000,-122.288,588.761,95.254,-80.555,576.482,95.254,0.6595,0.0000,1.6000,1,-100.000,550.000,0.0000,0.0000,0,0,-80.555,576.482,95.254,0.000,0,-1.000000,1.000,28.924,-1.000000,0.0000,0.0000,0,0,0.000,1.000,19.607,-80.555,576.482,95.254,0,0,0,99.512945
296,41.4745,after-gather,-99.443,587.929,100.443,0.000,-109.894,196.350,-111.283,578.396,15.531,-95.330,571.201,15.531,0.0000,0.0000,-122.311,588.671,95.267,-80.585,576.394,95.267,0.6595,0.0000,1.6000,1,-100.000,550.000,0.0000,0.0000,0,0,-80.585,576.394,95.267,0.000,0,-1.000000,1.000,28.924,-1.000000,0.0000,0.0000,0,0,0.000,1.000,19.607,-80.585,576.394,95.267,0,0,0,99.510787
297,41.6043,after-gather,-99.443,587.929,100.443,0.000,-109.894,196.350,-111.283,578.396,15.531,-95.330,571.201,15.531,0.0000,0.0000,-122.334,588.579,95.280,-80.615,576.305,95.280,0.6595,0.0000,1.6000,1,-100.000,550.000,0.0000,0.0000,0,0,-80.615,576.305,95.280,0.000,0,-1.000000,1.000,28.924,-1.000000,0.0000,0.0000,0,0,0.000,1.000,19.607,-80.615,576.305,95.280,0,0,0,99.508716
298,41.7414,after-gather,-99.443,587.929,100.443,0.000,-109.894,196.350,-111.283,578.396,15.531,-95.330,571.201,15.531,0.0000,0.0000,-122.353,588.500,95.292,-80.641,576.228,95.292,0.6595,0.0000,1.6000,1,-100.000,550.000,0.0000,0.0000,0,0,-80.641,576.228,95.292,0.000,0,-1.000000,1.000,28.924,-1.000000,0.0000,0.0000,0,0,0.000,1.000,19.607,-80.641,576.228,95.292,0,0,0,99.506517
299,41.8821,after-gather,-99.443,587.929,100.443,0.000,-109.894,196.350,-111.283,578.396,15.531,-95.330,571.201,15.531,0.0000,0.0000,-122.373,588.421,95.304,-80.668,576.151,95.304,0.6595,0.0000,1.6000,1,-100.000,550.000,0.0000,0.0000,0,0,-80.668,576.151,95.304,0.000,0,-1.000000,1.000,28.924,-1.000000,0.0000,0.0000,0,0,0.000,1.000,19.607,-80.668,576.151,95.304,0,0,0,99.504267
300,42.0199,after-gather,-99.443,587.929,100.443,0.000,-109.894,196.350,-111.283,578.396,15.531,-95.330,571.201,15.531,0.0000,0.0000,-122.373,588.420,95.304,-80.668,576.150,95.304,0.6595,0.0000,1.6000,1,-100.000,550.000,0.0000,0.0000,0,0,-80.668,576.150,95.304,0.000,0,-1.000000,1.000,28.924,-1.000000,0.0000,0.0000,0,0,0.000,1.000,19.607,-80.668,576.150,95.304,0,0,0,99.502061
301,42.1528,after-gather,-99.443,587.929,100.443,0.000,-109.894,196.350,-111.283,578.396,15.531,-95.330,571.201,15.531,0.0000,0.0000,-122.388,588.359,95.314,-80.688,576.091,95.314,0.6595,0.0000,1.6000,1,-100.000,550.000,0.0000,0.0000,0,0,-80.688,576.091,95.314,0.000,0,-1.000000,1.000,28.924,-1.000000,0.0000,0.0000,0,0,0.000,1.000,19.607,-80.688,576.091,95.314,0,0,0,99.499934
302,42.2783,after-gather,-99.443,587.929,100.443,0.000,-109.894,196.350,-111.283,578.396,15.531,-95.330,571.201,15.531,0.0000,0.0000,-122.390,588.351,95.315,-80.691,576.083,95.315,0.6595,0.0000,1.6000,1,-100.000,550.000,0.0000,0.0000,0,0,-80.691,576.083,95.315,0.000,0,-1.000000,1.000,28.924,-1.000000,0.0000,0.0000,0,0,0.000,1.000,19.607,-80.691,576.083,95.315,0,0,0,99.497929
303,42.4117,after-gather,-99.443,587.929,100.443,0.000,-109.894,196.350,-111.283,578.396,15.531,-95.330,571.201,15.531,0.0000,0.0000,-122.387,588.363,95.313,-80.687,576.095,95.313,0.6595,0.0000,1.6000,1,-100.000,550.000,0.0000,0.0000,0,0,-80.687,576.095,95.313,0.000,0,-1.000000,1.000,28.924,-1.000000,0.0000,0.0000,0,0,0.000,1.000,19.607,-80.687,576.095,95.313,0,0,0,99.495791
304,42.5431,after-gather,-99.443,587.929,100.443,0.000,-109.894,196.350,-111.283,578.396,15.531,-95.330,571.201,15.531,0.0000,0.0000,-122.367,588.443,95.305,-80.661,576.173,95.305,0.6595,0.0000,1.6000,1,-100.000,550.000,0.0000,0.0000,0,0,-80.661,576.173,95.305,0.000,0,-1.000000,1.000,28.924,-1.000000,0.0000,0.0000,0,0,0.000,1.000,19.607,-80.661,576.173,95.305,0,0,0,99.493689
305,42.6768,after-gather,-99.443,587.929,100.443,0.000,-109.894,196.350,-111.283,578.396,15.531,-95.330,571.201,15.531,0.0000,0.0000,-122.351,588.507,95.297,-80.639,576.235,95.297,0.6595,0.0000,1.6000,1,-100.000,550.000,0.0000,0.0000,0,0,-80.639,576.235,95.297,0.000,0,-1.000000,1.000,28.924,-1.000000,0.0000,0.0000,0,0,0.000,1.000,19.607,-80.639,576.235,95.297,0,0,0,99.491549
306,42.8175,after-gather,-99.443,587.929,100.443,0.000,-109.894,196.350,-111.283,578.396,15.531,-95.330,571.201,15.531,0.0000,0.0000,-122.331,588.592,95.279,-80.611,576.317,95.279,0.6595,0.0000,1.6000,1,-100.000,550.000,0.0000,0.0000,0,0,-80.611,576.317,95.279,0.000,0,-1.000000,1.000,28.924,-1.000000,0.0000,0.0000,0,0,0.000,1.000,19.607,-80.611,576.317,95.279,0,0,0,99.489300
307,42.9481,after-gather,-99.443,587.929,100.443,0.000,-109.894,196.350,-111.283,578.396,15.531,-95.330,571.201,15.531,0.0000,0.0000,-122.309,588.679,95.266,-80.582,576.402,95.266,0.6595,0.0000,1.6000,1,-100.000,550.000,0.0000,0.0000,0,0,-80.582,576.402,95.266,0.000,0,-1.000000,1.000,28.924,-1.000000,0.0000,0.0000,0,0,0.000,1.000,19.607,-80.582,576.402,95.266,0,0,0,99.487212
308,43.0841,after-gather,-99.443,587.929,100.443,0.000,-109.894,196.350,-111.283,578.396,15.531,-95.330,571.201,15.531,0.0000,0.0000,-122.286,588.770,95.253,-80.552,576.491,95.253,0.6595,0.0000,1.6000,1,-100.000,550.000,0.0000,0.0000,0,0,-80.552,576.491,95.253,0.000,0,-1.000000,1.000,28.924,-1.000000,0.0000,0.0000,0,0,0.000,1.000,19.607,-80.552,576.491,95.253,0,0,0,99.485034
309,43.2182,walk-to-authored-tree,-99.443,587.929,100.443,0.000,-109.894,197.340,-111.283,578.396,15.531,-95.330,571.201,15.531,0.0000,0.0000,-122.263,588.862,95.240,-80.521,576.580,95.240,0.6595,0.0000,1.6000,1,-100.000,550.000,0.0000,0.0000,0,0,-80.521,576.580,95.240,0.000,0,-1.000000,1.000,28.924,-1.000000,0.0000,0.0000,0,0,0.000,1.000,19.607,-80.521,576.580,95.240,0,0,0,99.482889
310,43.3501,walk-to-authored-tree,-99.443,587.929,100.443,0.000,-109.894,205.178,-111.283,578.396,15.531,-95.330,571.201,15.531,0.0000,0.0000,-122.257,588.884,95.232,-80.514,576.604,95.232,0.6595,0.0000,1.6000,1,-100.000,550.000,0.0000,0.0000,0,0,-80.514,576.604,95.232,0.000,0,-1.000000,1.000,28.924,-1.000000,0.0000,0.0000,0,0,0.000,1.000,19.607,-80.514,576.604,95.232,0,0,0,99.480777
311,43.4833,walk-to-authored-tree,-99.443,587.929,100.443,0.000,-109.894,213.082,-111.283,578.396,15.531,-95.330,571.201,15.531,0.0000,0.0000,-122.251,588.904,95.224,-80.509,576.623,95.224,0.6595,0.0000,1.6000,1,-100.000,550.000,0.0000,0.0000,0,0,-80.509,576.623,95.224,0.000,0,-1.000000,1.000,28.924,-1.000000,0.0000,0.0000,0,0,0.000,1.000,19.607,-80.509,576.623,95.224,0,0,0,99.478647
312,43.6171,walk-to-authored-tree,-99.443,587.929,100.443,0.000,-109.894,221.027,-111.283,578.396,15.531,-95.330,571.201,15.531,0.0000,0.0000,-122.231,588.992,95.222,-80.478,576.709,95.222,0.6595,0.0000,1.6000,1,-100.000,550.000,0.0000,0.0000,0,0,-80.478,576.709,95.222,0.000,0,-1.000000,1.000,28.924,-1.000000,0.0000,0.0000,0,0,0.000,1.000,19.607,-80.478,576.709,95.222,0,0,0,99.476506
313,43.7504,walk-to-authored-tree,-99.443,587.929,100.443,0.000,-109.894,228.943,-111.283,578.396,15.531,-95.330,571.201,15.531,0.0000,0.0000,-122.231,588.992,95.222,-80.478,576.709,95.222,0.6595,0.0000,1.6000,1,-100.000,550.000,0.0000,0.0000,0,0,-80.478,576.709,95.222,0.000,0,-1.000000,1.000,28.924,-1.000000,0.0000,0.0000,0,0,0.000,1.000,19.607,-80.478,576.709,95.222,0,0,0,99.474373
314,43.8769,walk-to-authored-tree,-99.443,587.929,100.443,0.000,-109.894,236.448,-111.283,578.396,15.531,-95.330,571.201,15.531,0.0000,0.0000,-122.226,589.009,95.220,-80.472,576.725,95.220,0.6595,0.0000,1.6000,1,-100.000,550.000,0.0000,0.0000,0,0,-80.472,576.725,95.220,0.000,0,-1.000000,1.000,28.924,-1.000000,0.0000,0.0000,0,0,0.000,1.000,19.607,-80.472,576.725,95.220,0,0,0,99.472351
315,44.0143,walk-to-authored-tree,-99.499,587.821,100.439,7.292,-114.894,243.509,-111.654,580.577,15.643,-97.151,570.006,15.415,0.0833,0.0608,-122.339,590.005,94.941,-81.098,575.780,94.801,0.6605,0.0000,1.6000,1,-100.000,550.000,0.0000,0.0000,0,0,-81.098,575.780,94.801,0.000,0,-1.000000,1.000,28.924,-1.000000,0.0000,0.0000,0,0,0.000,1.000,19.607,-81.098,575.780,94.801,0,0,0,99.470153
316,44.1416,walk-to-authored-tree,-102.032,582.748,100.260,62.965,-116.491,247.941,-114.083,576.683,20.328,-100.296,564.585,15.218,0.7196,0.5247,-126.913,577.762,94.120,-79.839,577.285,92.666,0.7273,0.0000,1.6000,1,-100.000,550.000,0.0000,0.0000,0,0,-79.839,577.285,92.666,0.000,0,-1.000000,1.000,28.924,-1.000000,0.0000,0.0000,0,0,0.000,1.000,19.607,-79.839,577.285,92.666,0,0,0,99.468117
317,44.2829,walk-to-authored-tree,-107.576,569.801,99.823,112.500,-109.149,251.119,-124.684,541.192,20.130,-99.435,567.028,15.084,1.0000,0.9375,-131.618,560.779,92.124,-84.707,567.992,90.519,0.8598,0.0000,1.6000,1,-100.000,550.000,0.0000,0.0000,0,0,-84.707,567.992,90.519,0.000,0,-1.000000,1.000,28.924,-1.000000,0.0000,0.0000,0,0,0.000,1.000,19.607,-84.707,567.992,90.519,0,0,0,99.465856
318,44.4123,walk-to-authored-tree,-112.539,556.143,99.380,112.500,-108.881,253.108,-132.518,516.448,14.666,-100.489,567.373,14.448,1.0000,0.9375,-135.310,554.866,88.385,-92.553,546.346,88.112,0.9809,0.0000,1.6000,1,-100.000,550.000,0.0000,0.0000,0,0,-92.553,546.346,88.112,0.000,0,-1.000000,1.000,28.924,-1.000000,0.0000,0.0000,0,0,0.000,1.000,19.607,-92.553,546.346,88.112,0,0,0,99.463789
319,44.5517,walk-to-authored-tree,-117.322,541.163,98.895,112.500,-105.594,254.530,-132.183,513.395,13.928,-107.092,547.818,17.500,1.0000,0.9375,-138.755,548.602,88.760,-99.874,523.333,90.107,0.1119,0.0000,1.6000,1,-100.000,550.000,0.0000,0.0000,0,0,-99.874,523.333,90.107,0.000,0,-1.000000,1.000,28.924,-1.000000,0.0000,0.0000,0,0,0.000,1.000,19.607,-99.874,523.333,90.107,0,0,0,99.461552
320,44.6924,walk-to-authored-tree,-121.675,525.954,98.399,112.500,-104.583,255.503,-132.984,513.409,13.500,-115.596,511.996,21.958,1.0000,0.9375,-142.633,537.474,90.385,-105.219,504.616,92.302,0.2438,0.0000,1.6000,1,-100.000,550.000,0.0000,0.0000,0,0,-105.219,504.616,92.302,0.000,0,-1.000000,1.000,28.924,-1.000000,0.0000,0.0000,0,0,0.000,1.000,19.607,-105.219,504.616,92.302,0,0,0,99.459302
321,44.8201,walk-to-authored-tree,-125.343,512.127,97.945,112.500,-104.497,256.129,-133.993,513.718,12.987,-123.215,478.406,17.875,1.0000,0.9375,-146.868,520.511,88.329,-108.099,493.372,89.902,0.3630,0.0000,1.6000,1,-100.000,550.000,0.0000,0.0000,0,0,-108.099,493.372,89.902,0.000,0,-1.000000,1.000,28.924,-1.000000,0.0000,0.0000,0,0,0.000,1.000,19.607,-108.099,493.372,89.902,0,0,0,99.457268
322,44.9586,walk-to-authored-tree,-129.164,496.953,97.435,112.500,-103.436,256.608,-134.920,513.747,12.497,-128.052,452.580,12.501,1.0000,0.9375,-151.462,495.560,86.214,-108.809,486.974,86.312,0.4934,0.0000,1.6000,1,-100.000,550.000,0.0000,0.0000,0,0,-108.809,486.974,86.312,0.000,0,-1.000000,1.000,28.924,-1.000000,0.0000,0.0000,0,0,0.000,1.000,19.607,-108.809,486.974,86.312,0,0,0,99.455043
323,45.0842,walk-to-authored-tree,-132.467,483.272,96.968,112.500,-103.392,256.931,-139.275,493.378,15.534,-128.945,451.724,12.059,1.0000,0.9375,-155.142,473.375,88.207,-109.665,482.058,86.831,0.6107,0.0000,1.6000,1,-100.000,550.000,0.0000,0.0000,0,0,-109.665,482.058,86.831,0.000,0,-1.000000,1.000,28.924,-1.000000,0.0000,0.0000,0,0,0.000,1.000,19.607,-109.665,482.058,86.831,0,0,0,99.453041
324,45.2099,walk-to-authored-tree,-135.708,469.471,96.493,112.500,-103.069,257.181,-145.884,461.176,19.933,-129.835,451.988,11.645,1.0000,0.9375,-158.617,455.460,90.459,-112.038,472.762,88.446,0.7288,0.0000,1.6000,1,-100.000,550.000,0.0000,0.0000,0,0,-112.038,472.762,88.446,0.000,0,-1.000000,1.000,28.924,-1.000000,0.0000,0.0000,0,0,0.000,1.000,19.607,-112.038,472.762,88.446,0,0,0,99.451025
325,45.3473,walk-to-authored-tree,-139.163,454.417,95.976,112.500,-102.629,257.393,-152.873,424.372,16.371,-130.814,452.322,11.203,1.0000,0.9375,-162.037,442.623,88.308,-116.219,455.333,86.688,0.8575,0.0000,1.6000,1,-100.000,550.000,0.0000,0.0000,0,0,-116.219,455.333,86.688,0.000,0,-1.000000,1.000,28.924,-1.000000,0.0000,0.0000,0,0,0.000,1.000,19.607,-116.219,455.333,86.688,0,0,0,99.448828
326,45.4880,walk-to-authored-tree,-142.643,438.945,95.441,112.500,-102.446,257.572,-158.022,397.168,10.631,-131.735,452.474,10.508,1.0000,0.9375,-165.072,435.803,84.360,-121.837,430.757,84.208,0.9897,0.0000,1.6000,1,-100.000,550.000,0.0000,0.0000,0,0,-121.837,430.757,84.208,0.000,0,-1.000000,1.000,28.924,-1.000000,0.0000,0.0000,0,0,0.000,1.000,19.607,-121.837,430.757,84.208,0,0,0,99.446573
327,45.6270,walk-to-authored-tree,-146.022,423.689,94.913,112.500,-102.294,257.722,-159.114,396.062,9.960,-136.343,429.936,13.947,1.0000,0.9375,-167.812,430.370,84.946,-127.711,406.447,86.370,0.1199,0.0000,1.6000,1,-100.000,550.000,0.0000,0.0000,0,0,-127.711,406.447,86.370,0.000,0,-1.000000,1.000,28.924,-1.000000,0.0000,0.0000,0,0,0.000,1.000,19.607,-127.711,406.447,86.370,0,0,0,99.444350
328,45.7643,walk-to-authored-tree,-149.322,408.585,94.394,112.500,-102.160,257.855,-160.016,396.138,9.494,-142.790,393.976,17.984,1.0000,0.9375,-170.734,419.263,86.391,-131.987,387.938,88.306,0.2487,0.0000,1.6000,1,-100.000,550.000,0.0000,0.0000,0,0,-131.987,387.938,88.306,0.000,0,-1.000000,1.000,28.924,-1.000000,0.0000,0.0000,0,0,0.000,1.000,19.607,-131.987,387.938,88.306,0,0,0,99.442151
329,45.9044,walk-to-authored-tree,-152.647,393.189,93.869,112.500,-102.034,257.980,-161.174,396.380,9.019,-149.515,357.411,12.999,1.0000,0.9375,-174.659,399.746,84.006,-134.441,376.060,85.439,0.3800,0.0000,1.6000,1,-100.000,550.000,0.0000,0.0000,0,0,-134.441,376.060,85.439,0.000,0,-1.000000,1.000,28.924,-1.000000,0.0000,0.0000,0,0,0.000,1.000,19.607,-134.441,376.060,85.439,0,0,0,99.439911
330,46.0427,walk-to-authored-tree,-155.897,377.977,93.355,112.500,-101.917,258.097,-161.846,395.277,8.491,-153.318,334.633,8.380,1.0000,0.9375,-178.066,374.644,82.257,-134.817,369.817,82.120,0.5096,0.0000,1.6000,1,-100.000,550.000,0.0000,0.0000,0,0,-134.817,369.817,82.120,0.000,0,-1.000000,1.000,28.924,-1.000000,0.0000,0.0000,0,0,0.000,1.000,19.607,-134.817,369.817,82.120,0,0,0,99.437699
331,46.1812,walk-to-authored-tree,-159.124,362.717,92.848,112.500,-101.803,258.210,-166.970,368.732,12.918,-154.365,334.684,7.968,1.0000,0.9375,-181.676,350.634,84.998,-136.077,363.719,83.344,0.6396,0.0000,1.6000,1,-100.000,550.000,0.0000,0.0000,0,0,-136.077,363.719,83.344,0.000,0,-1.000000,1.000,28.924,-1.000000,0.0000,0.0000,0,0,0.000,1.000,19.607,-136.077,363.719,83.344,0,0,0,99.435481
332,46.3184,walk-to-authored-tree,-162.284,347.624,92.354,112.500,-101.693,258.320,-173.255,332.120,15.870,-155.336,334.977,7.487,1.0000,0.9375,-184.854,333.038,86.331,-138.696,351.521,84.314,0.7681,0.0000,1.6000,1,-100.000,550.000,0.0000,0.0000,0,0,-138.696,351.521,84.314,0.000,0,-1.000000,1.000,28.924,-1.000000,0.0000,0.0000,0,0,0.000,1.000,19.607,-138.696,351.521,84.314,0,0,0,99.433288
333,46.4578,walk-to-authored-tree,-165.472,332.249,91.860,112.500,-101.582,258.431,-179.151,296.547,9.871,-156.178,335.158,6.916,1.0000,0.9375,-187.890,322.205,82.776,-142.846,331.198,81.502,0.8989,0.0000,1.6000,1,-100.000,550.000,0.0000,0.0000,0,0,-142.846,331.198,81.502,0.000,0,-1.000000,1.000,28.924,-1.000000,0.0000,0.0000,0,0,0.000,1.000,19.607,-142.846,331.198,81.502,0,0,0,99.431054
334,46.5964,walk-to-authored-tree,-168.607,316.982,91.377,112.500,-101.472,258.542,-182.714,278.363,6.361,-157.792,331.311,6.674,1.0000,0.9375,-190.781,316.718,80.051,-148.369,306.021,80.456,0.0288,0.0000,1.6000,1,-100.000,550.000,0.0000,0.0000,0,0,-148.369,306.021,80.456,0.000,0,-1.000000,1.000,28.924,-1.000000,0.0000,0.0000,0,0,0.000,1.000,19.607,-148.369,306.021,80.456,0,0,0,99.428838
335,46.7368,walk-to-authored-tree,-171.747,301.540,90.904,112.500,-101.360,258.653,-183.738,278.401,5.995,-162.943,302.128,12.047,1.0000,0.9375,-193.481,309.909,81.841,-153.666,282.781,83.542,0.1601,0.0000,1.6000,1,-100.000,550.000,0.0000,0.0000,0,0,-153.666,282.781,83.542,0.000,0,-1.000000,1.000,28.924,-1.000000,0.0000,0.0000,0,0,0.000,1.000,19.607,-153.666,282.781,83.542,0,0,0,99.426597
336,46.8721,walk-to-authored-tree,-174.754,286.601,90.456,112.500,-101.347,258.762,-184.660,278.597,5.584,-168.979,265.398,13.628,1.0000,0.9375,-196.424,296.534,82.287,-157.070,266.517,84.173,0.2871,0.0000,1.6000,1,-100.000,550.000,0.0000,0.0000,0,0,-157.070,266.517,84.173,0.000,0,-1.000000,1.000,28.924,-1.000000,0.0000,0.0000,0,0,0.000,1.000,19.607,-157.070,266.517,84.173,0,0,0,99.424429
337,47.0075,walk-to-authored-tree,-177.728,271.689,90.023,112.500,-101.238,258.871,-185.276,278.747,5.031,-174.111,231.978,7.282,1.0000,0.9375,-199.507,275.649,79.360,-158.288,256.731,80.467,0.4138,0.0000,1.6000,1,-100.000,550.000,0.0000,0.0000,0,0,-158.288,256.731,80.467,0.000,0,-1.000000,1.000,28.924,-1.000000,0.0000,0.0000,0,0,0.000,1.000,19.607,-158.288,256.731,80.467,0,0,0,99.422267
338,47.1415,walk-to-authored-tree,-180.655,256.870,89.600,112.500,-101.129,258.980,-187.234,273.078,5.059,-177.248,217.196,4.501,1.0000,0.9375,-203.064,250.886,78.819,-159.128,251.456,78.259,0.5397,0.0000,1.6000,1,-100.000,550.000,0.0000,0.0000,0,0,-159.128,251.456,78.259,0.000,0,-1.000000,1.000,28.924,-1.000000,0.0000,0.0000,0,0,0.000,1.000,19.607,-159.128,251.456,78.259,0,0,0,99.420119
339,47.2756,walk-to-authored-tree,-183.544,242.093,89.190,112.500,-101.020,259.091,-191.857,244.214,10.433,-177.932,217.229,4.148,1.0000,0.9375,-205.823,228.660,81.878,-160.189,244.629,80.070,0.6652,0.0000,1.6000,1,-100.000,550.000,0.0000,0.0000,0,0,-160.189,244.629,80.070,0.000,0,-1.000000,1.000,28.924,-1.000000,0.0000,0.0000,0,0,0.000,1.000,19.607,-160.189,244.629,80.070,0,0,0,99.417977
340,47.4050,walk-to-authored-tree,-186.312,227.793,88.803,112.500,-100.909,259.199,-197.470,208.914,12.058,-178.881,217.382,4.007,1.0000,0.9375,-208.657,213.106,82.702,-162.802,231.757,80.713,0.7865,0.0000,1.6000,1,-100.000,550.000,0.0000,0.0000,0,0,-162.802,231.757,80.713,0.000,0,-1.000000,1.000,28.924,-1.000000,0.0000,0.0000,0,0,0.000,1.000,19.607,-162.802,231.757,80.713,0,0,0,99.415906
341,47.5349,walk-to-authored-tree,-189.061,213.441,88.425,112.500,-100.801,259.308,-202.417,176.577,5.876,-179.688,217.603,3.379,1.0000,0.9375,-211.374,203.681,79.000,-166.584,212.025,77.814,0.9083,0.0000,1.6000,1,-100.000,550.000,0.0000,0.0000,0,0,-166.584,212.025,77.814,0.000,0,-1.000000,1.000,28.924,-1.000000,0.0000,0.0000,0,0,0.000,1.000,19.607,-166.584,212.025,77.814,0,0,0,99.413827
342,47.6622,walk-to-authored-tree,-191.735,199.340,88.075,112.500,-100.692,259.417,-205.336,160.428,3.062,-181.120,213.850,3.360,1.0000,0.9375,-213.913,198.702,76.751,-171.340,188.724,77.145,0.0279,0.0000,1.6000,1,-100.000,550.000,0.0000,0.0000,0,0,-171.340,188.724,77.145,0.000,0,-1.000000,1.000,28.924,-1.000000,0.0000,0.0000,0,0,0.000,1.000,19.607,-171.340,188.724,77.145,0,0,0,99.411786
343,47.7910,walk-to-authored-tree,-194.401,185.136,87.722,112.500,-100.583,259.528,-206.236,160.546,2.925,-185.407,187.576,8.403,1.0000,0.9375,-216.319,192.630,78.532,-175.966,167.082,80.185,0.1484,0.0000,1.6000,1,-100.000,550.000,0.0000,0.0000,0,0,-175.966,167.082,80.185,0.000,0,-1.000000,1.000,28.924,-1.000000,0.0000,0.0000,0,0,0.000,1.000,19.607,-175.966,167.082,80.185,0,0,0,99.409731
344,47.9194,walk-to-authored-tree,-197.043,170.907,87.381,112.500,-100.472,259.641,-207.049,160.640,2.505,-190.539,152.957,10.885,1.0000,0.9375,-218.809,180.751,79.338,-179.083,150.882,81.255,0.2690,0.0000,1.6000,1,-100.000,550.000,0.0000,0.0000,0,0,-179.083,150.882,81.255,0.000,0,-1.000000,1.000,28.924,-1.000000,0.0000,0.0000,0,0,0.000,1.000,19.607,-179.083,150.882,81.255,0,0,0,99.407672
345,48.0478,walk-to-authored-tree,-199.648,156.719,87.053,112.500,-100.359,259.754,-207.953,160.739,2.129,-195.414,119.874,5.612,1.0000,0.9375,-221.684,162.060,76.920,-180.636,140.613,78.269,0.3892,0.0000,1.6000,1,-100.000,550.000,0.0000,0.0000,0,0,-180.636,140.613,78.269,0.000,0,-1.000000,1.000,28.924,-1.000000,0.0000,0.0000,0,0,0.000,1.000,19.607,-180.636,140.613,78.269,0,0,0,99.405621
346,48.1756,walk-to-authored-tree,-202.214,142.591,86.733,112.500,-100.246,259.868,-208.659,159.717,1.866,-198.376,99.252,1.757,1.0000,0.9375,-224.269,138.675,75.628,-180.913,134.985,75.502,0.5088,0.0000,1.6000,1,-100.000,550.000,0.0000,0.0000,0,0,-180.913,134.985,75.502,0.000,0,-1.000000,1.000,28.924,-1.000000,0.0000,0.0000,0,0,0.000,1.000,19.607,-180.913,134.985,75.502,0,0,0,99.403579
347,48.3066,walk-to-authored-tree,-204.824,128.055,86.411,112.500,-100.132,259.987,-212.675,134.918,5.979,-199.324,99.278,1.420,1.0000,0.9375,-226.982,115.682,78.224,-181.851,129.322,76.629,0.6319,0.0000,1.6000,1,-100.000,550.000,0.0000,0.0000,0,0,-181.851,129.322,76.629,0.000,0,-1.000000,1.000,28.924,-1.000000,0.0000,0.0000,0,0,0.000,1.000,19.607,-181.851,129.322,76.629,0,0,0,99.401478
348,48.4398,walk-to-authored-tree,-207.443,113.291,86.101,112.500,-100.013,260.110,-217.745,99.446,9.665,-200.293,99.568,1.201,1.0000,0.9375,-229.577,97.989,80.100,-183.977,117.943,78.074,0.7569,0.0000,1.6000,1,-100.000,550.000,0.0000,0.0000,0,0,-183.977,117.943,78.074,0.000,0,-1.000000,1.000,28.924,-1.000000,0.0000,0.0000,0,0,0.000,1.000,19.607,-183.977,117.943,78.074,0,0,0,99.399346
349,48.5721,walk-to-authored-tree,-210.010,98.641,85.804,112.500,-99.890,260.233,-222.515,64.711,4.664,-201.149,99.683,0.694,1.0000,0.9375,-232.197,86.894,77.123,-187.262,99.381,75.679,0.8808,0.0000,1.6000,1,-100.000,550.000,0.0000,0.0000,0,0,-187.262,99.381,75.679,0.000,0,-1.000000,1.000,28.924,-1.000000,0.0000,0.0000,0,0,0.000,1.000,19.607,-187.262,99.381,75.679,0,0,0,99.397230
350,48.7028,walk-to-authored-tree,-212.522,84.121,85.507,112.500,-99.767,260.357,-225.865,42.079,0.562,-202.124,99.323,0.600,1.0000,0.9375,-234.771,81.045,74.308,-191.591,75.784,74.354,0.0036,0.0000,1.6000,1,-100.000,550.000,0.0000,0.0000,0,0,-191.591,75.784,74.354,0.000,0,-1.000000,1.000,28.924,-1.000000,0.0000,0.0000,0,0,0.000,1.000,19.607,-191.591,75.784,74.354,0,0,0,99.395135
351,48.8333,walk-to-authored-tree,-214.989,69.683,85.232,112.500,-99.643,260.481,-226.681,42.172,0.316,-205.653,75.527,4.589,1.0000,0.9375,-237.030,75.652,75.420,-195.945,52.990,76.899,0.1257,0.0000,1.6000,1,-100.000,550.000,0.0000,0.0000,0,0,-195.945,52.990,76.899,0.000,0,-1.000000,1.000,28.924,-1.000000,0.0000,0.0000,0,0,0.000,1.000,19.607,-195.945,52.990,76.899,0,0,0,99.393051
352,48.9678,walk-to-authored-tree,-217.508,54.737,84.941,112.500,-99.519,260.612,-227.575,42.204,0.041,-210.371,39.860,8.527,1.0000,0.9375,-239.390,64.410,76.937,-199.238,34.914,78.851,0.2520,0.0000,1.6000,1,-100.000,550.000,0.0000,0.0000,0,0,-199.238,34.914,78.851,0.000,0,-1.000000,1.000,28.924,-1.000000,0.0000,0.0000,0,0,0.000,1.000,19.607,-199.238,34.914,78.851,0,0,0,99.390896
353,49.0996,walk-to-authored-tree,-219.937,40.124,84.668,112.500,-99.388,260.742,-228.622,42.401,-0.246,-215.065,5.101,3.973,1.0000,0.9375,-242.200,45.900,74.834,-200.994,23.615,76.306,0.3754,0.0000,1.6000,1,-100.000,550.000,0.0000,0.0000,0,0,-200.994,23.615,76.306,0.000,0,-1.000000,1.000,28.924,-1.000000,0.0000,0.0000,0,0,0.000,1.000,19.607,-200.994,23.615,76.306,0,0,0,99.388789
354,49.2293,walk-to-authored-tree,-222.301,25.707,84.401,112.500,-99.258,260.872,-229.097,42.474,-0.525,-217.842,-18.527,-0.544,1.0000,0.9375,-244.314,22.371,73.206,-201.090,17.519,73.251,0.4972,0.0000,1.6000,1,-100.000,550.000,0.0000,0.0000,0,0,-201.090,17.519,73.251,0.000,0,-1.000000,1.000,28.924,-1.000000,0.0000,0.0000,0,0,0.000,1.000,19.607,-201.090,17.519,73.251,0,0,0,99.386711
355,49.3598,walk-to-authored-tree,-224.637,11.256,84.134,112.500,-99.128,261.004,-232.329,19.765,3.241,-218.728,-18.962,-0.680,1.0000,0.9375,-246.543,-0.797,75.731,-201.765,12.248,74.269,0.6191,0.0000,1.6000,1,-100.000,550.000,0.0000,0.0000,0,0,-201.765,12.248,74.269,0.000,0,-1.000000,1.000,28.924,-1.000000,0.0000,0.0000,0,0,0.000,1.000,19.607,-201.765,12.248,74.269,0,0,0,99.384629
356,49.4876,walk-to-authored-tree,-226.905,-2.981,83.883,112.500,-98.996,261.135,-236.650,-13.830,7.403,-219.702,-18.701,-1.003,1.0000,0.9375,-248.764,-18.655,77.875,-203.525,2.068,75.852,0.7393,0.0000,1.6000,1,-100.000,550.000,0.0000,0.0000,0,0,-203.525,2.068,75.852,0.000,0,-1.000000,1.000,28.924,-1.000000,0.0000,0.0000,0,0,0.000,1.000,19.607,-203.525,2.068,75.852,0,0,0,99.382579
357,49.6184,walk-to-authored-tree,-229.182,-17.495,83.618,112.500,-98.865,261.272,-240.921,-48.974,3.852,-220.645,-18.543,-1.091,1.0000,0.9375,-251.222,-30.579,75.892,-206.366,-15.293,74.300,0.8617,0.0000,1.6000,1,-100.000,550.000,0.0000,0.0000,0,0,-206.366,-15.293,74.300,0.000,0,-1.000000,1.000,28.924,-1.000000,0.0000,0.0000,0,0,0.000,1.000,19.607,-206.366,-15.293,74.300,0,0,0,99.380489
358,49.7467,walk-to-authored-tree,-231.390,-31.785,83.364,112.500,-98.728,261.408,-244.053,-74.425,-1.365,-221.485,-18.450,-1.557,1.0000,0.9375,-253.571,-36.950,72.355,-210.000,-38.009,72.101,0.9822,0.0000,1.6000,1,-100.000,550.000,0.0000,0.0000,0,0,-210.000,-38.009,72.101,0.000,0,-1.000000,1.000,28.924,-1.000000,0.0000,0.0000,0,0,0.000,1.000,19.607,-210.000,-38.009,72.101,0,0,0,99.378433
359,49.8826,walk-to-authored-tree,-233.684,-46.866,83.093,112.500,-98.592,261.554,-245.066,-76.553,-1.870,-224.302,-38.725,1.562,1.0000,0.9375,-255.857,-42.271,72.914,-214.146,-62.283,74.235,0.1093,0.0000,1.6000,1,-100.000,550.000,0.0000,0.0000,0,0,-214.146,-62.283,74.235,0.000,0,-1.000000,1.000,28.924,-1.000000,0.0000,0.0000,0,0,0.000,1.000,19.607,-214.146,-62.283,74.235,0,0,0,99.376263
360,50.0286,walk-to-authored-tree,-236.116,-63.144,82.798,112.500,-98.446,261.714,-245.998,-76.513,-2.103,-228.619,-76.882,6.372,1.0000,0.9375,-258.179,-53.900,74.790,-217.477,-82.614,76.705,0.2465,0.0000,1.6000,1,-100.000,550.000,0.0000,0.0000,0,0,-217.477,-82.614,76.705,0.000,0,-1.000000,1.000,28.924,-1.000000,0.0000,0.0000,0,0,0.000,1.000,19.607,-217.477,-82.614,76.705,0,0,0,99.373923
361,50.1801,walk-to-authored-tree,-238.585,-79.986,82.500,112.500,-98.286,261.882,-247.068,-76.371,-2.407,-233.044,-116.547,1.123,1.0000,0.9375,-260.829,-75.391,72.403,-219.042,-95.440,73.760,0.3883,0.0000,1.6000,1,-100.000,550.000,0.0000,0.0000,0,0,-219.042,-95.440,73.760,0.000,0,-1.000000,1.000,28.924,-1.000000,0.0000,0.0000,0,0,0.000,1.000,19.607,-219.042,-95.440,73.760,0,0,0,99.371502
362,50.3283,walk-to-authored-tree,-240.959,-96.507,82.197,112.500,-98.118,262.051,-248.249,-80.133,-2.534,-235.492,-137.419,-2.834,1.0000,0.9375,-262.955,-102.749,71.277,-219.259,-101.784,70.881,0.5274,0.0000,1.6000,1,-100.000,550.000,0.0000,0.0000,0,0,-219.259,-101.784,70.881,0.000,0,-1.000000,1.000,28.924,-1.000000,0.0000,0.0000,0,0,0.000,1.000,19.607,-219.259,-101.784,70.881,0,0,0,99.369128
363,50.4791,walk-to-authored-tree,-243.321,-113.296,81.882,112.500,-97.949,262.225,-251.774,-112.200,3.221,-236.348,-137.381,-3.228,1.0000,0.9375,-264.834,-128.019,74.592,-220.109,-109.381,72.766,0.6687,0.0000,1.6000,1,-100.000,550.000,0.0000,0.0000,0,0,-220.109,-109.381,72.766,0.000,0,-1.000000,1.000,28.924,-1.000000,0.0000,0.0000,0,0,0.000,1.000,19.607,-220.109,-109.381,72.766,0,0,0,99.366717
364,50.6102,walk-to-authored-tree,-245.335,-127.920,81.610,112.500,-97.775,262.380,-255.503,-148.298,4.763,-237.282,-137.293,-3.154,1.0000,0.9375,-266.841,-143.708,75.473,-222.079,-122.791,73.498,0.7917,0.0000,1.6000,1,-100.000,550.000,0.0000,0.0000,0,0,-222.079,-122.791,73.498,0.000,0,-1.000000,1.000,28.924,-1.000000,0.0000,0.0000,0,0,0.000,1.000,19.607,-222.079,-122.791,73.498,0,0,0,99.364617
365,50.7429,walk-to-authored-tree,-247.328,-142.696,81.317,112.500,-97.620,262.539,-258.717,-181.035,-1.673,-238.163,-137.098,-3.827,1.0000,0.9375,-269.126,-153.200,71.597,-224.920,-143.428,70.485,0.9160,0.0000,1.6000,1,-100.000,550.000,0.0000,0.0000,0,0,-224.920,-143.428,70.485,0.000,0,-1.000000,1.000,28.924,-1.000000,0.0000,0.0000,0,0,0.000,1.000,19.607,-224.920,-143.428,70.485,0,0,0,99.362497
366,50.8766,walk-to-authored-tree,-249.300,-157.625,81.022,112.500,-97.461,262.702,-260.545,-195.619,-3.907,-239.550,-143.143,-3.303,1.0000,0.9375,-271.417,-158.441,69.840,-228.509,-168.106,70.411,0.0415,0.0000,1.6000,1,-100.000,550.000,0.0000,0.0000,0,0,-228.509,-168.106,70.411,0.000,0,-1.000000,1.000,28.924,-1.000000,0.0000,0.0000,0,0,0.000,1.000,19.607,-228.509,-168.106,70.411,0,0,0,99.360355
367,51.0103,walk-to-authored-tree,-251.225,-172.526,80.719,112.500,-97.298,262.868,-261.496,-195.743,-4.259,-242.534,-172.283,2.125,1.0000,0.9375,-273.466,-165.395,71.711,-231.894,-190.211,73.435,0.1667,0.0000,1.6000,1,-100.000,550.000,0.0000,0.0000,0,0,-231.894,-190.211,73.435,0.000,0,-1.000000,1.000,28.924,-1.000000,0.0000,0.0000,0,0,0.000,1.000,19.607,-231.894,-190.211,73.435,0,0,0,99.358218
368,51.1431,walk-to-authored-tree,-253.098,-187.356,80.413,112.500,-97.132,263.036,-262.367,-195.574,-4.517,-245.831,-208.826,3.417,1.0000,0.9375,-275.437,-179.101,72.147,-233.981,-206.020,74.020,0.2912,0.0000,1.6000,1,-100.000,550.000,0.0000,0.0000,0,0,-233.981,-206.020,74.020,0.000,0,-1.000000,1.000,28.924,-1.000000,0.0000,0.0000,0,0,0.000,1.000,19.607,-233.981,-206.020,74.020,0,0,0,99.356092
369,51.2762,walk-to-authored-tree,-254.929,-202.199,80.105,112.500,-96.964,263.207,-262.979,-195.482,-4.862,-248.386,-241.739,-2.703,1.0000,0.9375,-276.953,-200.020,69.433,-234.417,-215.535,70.519,0.4159,0.0000,1.6000,1,-100.000,550.000,0.0000,0.0000,0,0,-234.417,-215.535,70.519,0.000,0,-1.000000,1.000,28.924,-1.000000,0.0000,0.0000,0,0,0.000,1.000,19.607,-234.417,-215.535,70.519,0,0,0,99.353965
370,51.4086,walk-to-authored-tree,-256.711,-217.014,79.777,112.500,-96.793,263.382,-264.500,-201.374,-4.752,-250.314,-256.257,-5.324,1.0000,0.9375,-278.606,-224.711,69.002,-234.834,-220.743,68.436,0.5402,0.0000,1.6000,1,-100.000,550.000,0.0000,0.0000,0,0,-234.834,-220.743,68.436,0.000,0,-1.000000,1.000,28.924,-1.000000,0.0000,0.0000,0,0,0.000,1.000,19.607,-234.834,-220.743,68.436,0,0,0,99.351843
371,51.5596,walk-to-authored-tree,-258.685,-233.867,79.402,112.500,-96.618,263.584,-267.346,-235.157,1.126,-251.110,-256.173,-5.883,1.0000,0.9375,-279.868,-249.467,72.247,-235.560,-228.998,70.359,0.6816,0.0000,1.6000,1,-100.000,550.000,0.0000,0.0000,0,0,-235.560,-228.998,70.359,0.000,0,-1.000000,1.000,28.924,-1.000000,0.0000,0.0000,0,0,0.000,1.000,19.607,-235.560,-228.998,70.359,0,0,0,99.349430
372,51.7063,walk-to-authored-tree,-260.552,-250.284,79.024,112.500,-96.416,263.785,-270.411,-275.657,0.742,-252.039,-256.126,-6.273,1.0000,0.9375,-281.678,-265.931,71.859,-237.444,-245.363,69.975,0.8193,0.0000,1.6000,1,-100.000,550.000,0.0000,0.0000,0,0,-237.444,-245.363,69.975,0.000,0,-1.000000,1.000,28.924,-1.000000,0.0000,0.0000,0,0,0.000,1.000,19.607,-237.444,-245.363,69.975,0,0,0,99.347080
373,51.8552,walk-to-authored-tree,-262.381,-266.900,78.628,112.500,-96.215,263.993,-273.095,-309.027,-5.805,-253.199,-255.991,-6.458,1.0000,0.9375,-284.204,-274.926,67.893,-240.476,-270.331,67.305,0.9586,0.0000,1.6000,1,-100.000,550.000,0.0000,0.0000,0,0,-240.476,-270.331,67.305,0.000,0,-1.000000,1.000,28.924,-1.000000,0.0000,0.0000,0,0,0.000,1.000,19.607,-240.476,-270.331,67.305,0,0,0,99.344702
374,52.0080,walk-to-authored-tree,-264.206,-284.034,78.207,112.500,-96.007,264.213,-274.244,-315.070,-6.735,-255.130,-274.679,-3.679,1.0000,0.9375,-286.523,-280.924,67.910,-243.887,-298.126,69.160,0.1022,0.0000,1.6000,1,-100.000,550.000,0.0000,0.0000,0,0,-243.887,-298.126,69.160,0.000,0,-1.000000,1.000,28.924,-1.000000,0.0000,0.0000,0,0,0.000,1.000,19.607,-243.887,-298.126,69.160,0,0,0,99.342252
375,52.1595,walk-to-authored-tree,-265.944,-300.965,77.776,112.500,-95.787,264.436,-275.202,-315.060,-7.123,-257.805,-313.879,1.336,1.0000,0.9375,-288.417,-292.782,69.763,-246.420,-319.536,71.679,0.2440,0.0000,1.6000,1,-100.000,550.000,0.0000,0.0000,0,0,-246.420,-319.536,71.679,0.000,0,-1.000000,1.000,28.924,-1.000000,0.0000,0.0000,0,0,0.000,1.000,19.607,-246.420,-319.536,71.679,0,0,0,99.339831
376,52.3108,walk-to-authored-tree,-267.617,-317.896,77.332,112.500,-95.564,264.664,-276.362,-314.998,-7.522,-260.430,-353.832,-3.852,1.0000,0.9375,-290.146,-314.199,67.342,-247.474,-332.546,68.723,0.3858,0.0000,1.6000,1,-100.000,550.000,0.0000,0.0000,0,0,-247.474,-332.546,68.723,0.000,0,-1.000000,1.000,28.924,-1.000000,0.0000,0.0000,0,0,0.000,1.000,19.607,-247.474,-332.546,68.723,0,0,0,99.337412
377,52.4973,walk-to-authored-tree,-269.592,-338.782,76.762,112.500,-95.336,264.953,-277.961,-324.657,-6.919,-262.242,-375.420,-8.125,1.0000,0.9375,-291.307,-348.558,66.648,-247.584,-340.351,65.810,0.5606,0.0000,1.6000,1,-100.000,550.000,0.0000,0.0000,0,0,-247.584,-340.351,65.810,0.000,0,-1.000000,1.000,28.924,-1.000000,0.0000,0.0000,0,0,0.000,1.000,19.607,-247.584,-340.351,65.810,0,0,0,99.334428
378,52.6264,walk-to-authored-tree,-270.899,-353.276,76.357,112.500,-95.047,265.160,-279.524,-354.853,-1.909,-262.715,-375.329,-8.933,1.0000,0.9375,-291.646,-369.460,69.204,-247.916,-347.766,67.315,0.6819,0.0000,1.6000,1,-100.000,550.000,0.0000,0.0000,0,0,-247.916,-347.766,67.315,0.000,0,-1.000000,1.000,28.924,-1.000000,0.0000,0.0000,0,0,0.000,1.000,19.607,-247.916,-347.766,67.315,0,0,0,99.332358
379,52.7583,walk-to-authored-tree,-272.171,-368.033,75.928,112.500,-94.840,265.375,-281.310,-391.294,-1.453,-263.572,-375.344,-8.981,1.0000,0.9375,-292.850,-384.612,69.431,-249.205,-362.060,67.497,0.8053,0.0000,1.6000,1,-100.000,550.000,0.0000,0.0000,0,0,-249.205,-362.060,67.497,0.000,0,-1.000000,1.000,28.924,-1.000000,0.0000,0.0000,0,0,0.000,1.000,19.607,-249.205,-362.060,67.497,0,0,0,99.330252
380,52.8881,walk-to-authored-tree,-273.373,-382.613,75.499,112.500,-94.625,265.593,-282.826,-422.652,-8.072,-264.530,-375.182,-9.760,1.0000,0.9375,-294.714,-393.537,65.354,-251.087,-383.013,64.356,0.9273,0.0000,1.6000,1,-100.000,550.000,0.0000,0.0000,0,0,-251.087,-383.013,64.356,0.000,0,-1.000000,1.000,28.924,-1.000000,0.0000,0.0000,0,0,0.000,1.000,19.607,-251.087,-383.013,64.356,0,0,0,99.328171
381,53.0369,walk-to-authored-tree,-274.680,-399.275,74.994,112.500,-94.407,265.848,-283.951,-434.857,-9.972,-265.825,-385.994,-8.573,1.0000,0.9375,-296.942,-399.369,64.005,-253.691,-410.530,64.905,0.0665,0.0000,1.6000,1,-100.000,550.000,0.0000,0.0000,0,0,-253.691,-410.530,64.905,0.000,0,-1.000000,1.000,28.924,-1.000000,0.0000,0.0000,0,0,0.000,1.000,19.607,-253.691,-410.530,64.905,0,0,0,99.325794
382,53.1879,walk-to-authored-tree,-275.938,-416.244,74.469,112.500,-94.152,266.114,-284.886,-434.865,-10.465,-267.382,-422.641,-2.561,1.0000,0.9375,-298.675,-409.167,66.193,-255.876,-433.882,68.065,0.2083,0.0000,1.6000,1,-100.000,550.000,0.0000,0.0000,0,0,-255.876,-433.882,68.065,0.000,0,-1.000000,1.000,28.924,-1.000000,0.0000,0.0000,0,0,0.000,1.000,19.607,-255.876,-433.882,68.065,0,0,0,99.323374
383,53.3373,walk-to-authored-tree,-277.102,-432.992,73.945,112.500,-93.886,266.386,-285.858,-434.887,-10.774,-268.705,-463.583,-5.106,1.0000,0.9375,-299.790,-427.951,64.909,-256.748,-448.944,66.580,0.3482,0.0000,1.6000,1,-100.000,550.000,0.0000,0.0000,0,0,-256.748,-448.944,66.580,0.000,0,-1.000000,1.000,28.924,-1.000000,0.0000,0.0000,0,0,0.000,1.000,19.607,-256.748,-448.944,66.580,0,0,0,99.320986
384,53.4877,walk-to-authored-tree,-278.197,-449.885,73.407,112.500,-93.614,266.667,-286.867,-434.804,-11.533,-269.665,-493.365,-11.513,1.0000,0.9375,-300.098,-454.730,62.162,-256.605,-456.565,62.315,0.4893,0.0000,1.6000,1,-100.000,550.000,0.0000,0.0000,0,0,-256.605,-456.565,62.315,0.000,0,-1.000000,1.000,28.924,-1.000000,0.0000,0.0000,0,0,0.000,1.000,19.607,-256.605,-456.565,62.315,0,0,0,99.318579
385,53.6209,walk-to-authored-tree,-279.095,-464.828,72.920,112.500,-93.333,266.925,-287.578,-456.474,-8.254,-270.138,-494.891,-11.914,1.0000,0.9375,-299.685,-478.738,64.339,-256.437,-461.828,62.928,0.6141,0.0000,1.6000,1,-100.000,550.000,0.0000,0.0000,0,0,-256.437,-461.828,62.928,0.000,0,-1.000000,1.000,28.924,-1.000000,0.0000,0.0000,0,0,0.000,1.000,19.607,-256.437,-461.828,62.928,0,0,0,99.316450
386,53.7503,walk-to-authored-tree,-279.904,-479.387,72.442,112.500,-93.075,267.182,-288.478,-490.496,-4.054,-271.105,-494.745,-12.430,1.0000,0.9375,-300.032,-497.215,66.427,-257.168,-471.972,64.408,0.7356,0.0000,1.6000,1,-100.000,550.000,0.0000,0.0000,0,0,-257.168,-471.972,64.408,0.000,0,-1.000000,1.000,28.924,-1.000000,0.0000,0.0000,0,0,0.000,1.000,19.607,-257.168,-471.972,64.408,0,0,0,99.314376
387,53.8810,walk-to-authored-tree,-280.653,-494.046,71.960,112.500,-92.818,267.449,-289.040,-526.041,-7.660,-272.068,-494.643,-12.807,1.0000,0.9375,-301.184,-509.548,64.287,-258.200,-489.253,62.670,0.8579,0.0000,1.6000,1,-100.000,550.000,0.0000,0.0000,0,0,-258.200,-489.253,62.670,0.000,0,-1.000000,1.000,28.924,-1.000000,0.0000,0.0000,0,0,0.000,1.000,19.607,-258.200,-489.253,62.670,0,0,0,99.312288
388,54.0104,walk-to-authored-tree,-281.329,-508.604,71.475,112.500,-92.551,267.722,-289.352,-552.262,-13.221,-272.931,-494.624,-13.470,1.0000,0.9375,-302.819,-516.355,60.495,-259.395,-512.264,60.200,0.9793,0.0000,1.6000,1,-100.000,550.000,0.0000,0.0000,0,0,-259.395,-512.264,60.200,0.000,0,-1.000000,1.000,28.924,-1.000000,0.0000,0.0000,0,0,0.000,1.000,19.607,-259.395,-512.264,60.200,0,0,0,99.310216
389,54.1390,walk-to-authored-tree,-281.932,-523.049,70.998,112.500,-92.278,268.000,-289.914,-554.961,-13.934,-273.477,-512.854,-11.000,1.0000,0.9375,-304.379,-521.557,60.663,-260.714,-535.645,61.889,0.0998,0.0000,1.6000,1,-100.000,550.000,0.0000,0.0000,0,0,-260.714,-535.645,61.889,0.000,0,-1.000000,1.000,28.924,-1.000000,0.0000,0.0000,0,0,0.000,1.000,19.607,-260.714,-535.645,61.889,0,0,0,99.308159
390,54.2679,walk-to-authored-tree,-282.467,-537.560,70.512,112.500,-92.000,268.289,-290.708,-554.977,-14.330,-273.600,-545.840,-6.145,1.0000,0.9375,-305.463,-531.170,62.442,-261.754,-554.610,64.345,0.2208,0.0000,1.6000,1,-100.000,550.000,0.0000,0.0000,0,0,-261.754,-554.610,64.345,0.000,0,-1.000000,1.000,28.924,-1.000000,0.0000,0.0000,0,0,0.000,1.000,19.607,-261.754,-554.610,64.345,0,0,0,99.306094
391,54.4007,walk-to-authored-tree,-282.943,-552.474,70.015,112.500,-91.711,268.595,-291.602,-555.063,-14.749,-273.396,-582.216,-8.944,1.0000,0.9375,-305.805,-548.163,60.999,-261.995,-567.755,62.686,0.3452,0.0000,1.6000,1,-100.000,550.000,0.0000,0.0000,0,0,-261.995,-567.755,62.686,0.000,0,-1.000000,1.000,28.924,-1.000000,0.0000,0.0000,0,0,0.000,1.000,19.607,-261.995,-567.755,62.686,0,0,0,99.303972
392,54.5533,walk-to-authored-tree,-283.397,-569.652,69.459,112.500,-91.405,268.959,-292.669,-555.030,-15.480,-273.227,-612.760,-15.458,1.0000,0.9375,-305.136,-575.263,58.209,-261.599,-575.570,58.375,0.4884,0.0000,1.6000,1,-100.000,550.000,0.0000,0.0000,0,0,-261.599,-575.570,58.375,0.000,0,-1.000000,1.000,28.924,-1.000000,0.0000,0.0000,0,0,0.000,1.000,19.607,-261.599,-575.570,58.375,0,0,0,99.301528
393,54.6988,walk-to-authored-tree,-283.730,-586.006,68.930,112.500,-91.041,269.322,-292.554,-579.448,-11.775,-273.682,-614.425,-15.965,1.0000,0.9375,-303.694,-601.326,60.620,-261.233,-581.510,59.100,0.6247,0.0000,1.6000,1,-100.000,550.000,0.0000,0.0000,0,0,-261.233,-581.510,59.100,0.000,0,-1.000000,1.000,28.924,-1.000000,0.0000,0.0000,0,0,0.000,1.000,19.607,-261.233,-581.510,59.100,0,0,0,99.299202
394,54.8338,walk-to-authored-tree,-283.946,-601.178,68.444,112.500,-90.678,269.672,-291.924,-615.495,-7.955,-274.643,-614.222,-16.464,1.0000,0.9375,-303.300,-619.893,62.453,-261.550,-592.753,60.423,0.7511,0.0000,1.6000,1,-100.000,550.000,0.0000,0.0000,0,0,-261.550,-592.753,60.423,0.000,0,-1.000000,1.000,28.924,-1.000000,0.0000,0.0000,0,0,0.000,1.000,19.607,-261.550,-592.753,60.423,0,0,0,99.297044
395,54.9708,walk-to-authored-tree,-284.070,-616.601,67.980,112.500,-90.328,270.041,-290.780,-651.978,-13.068,-275.504,-614.239,-17.092,1.0000,0.9375,-303.994,-631.930,59.370,-261.766,-612.027,57.917,0.8796,0.0000,1.6000,1,-100.000,550.000,0.0000,0.0000,0,0,-261.766,-612.027,57.917,0.000,0,-1.000000,1.000,28.924,-1.000000,0.0000,0.0000,0,0,0.000,1.000,19.607,-261.766,-612.027,57.917,0,0,0,99.294850
396,55.1182,walk-to-authored-tree,-284.096,-633.189,67.478,112.500,-89.959,270.456,-290.228,-675.181,-17.467,-276.478,-616.583,-17.366,1.0000,0.9375,-305.709,-638.787,56.192,-262.122,-639.040,56.452,0.0179,0.0000,1.6000,1,-100.000,550.000,0.0000,0.0000,0,0,-262.122,-639.040,56.452,0.000,0,-1.000000,1.000,28.924,-1.000000,0.0000,0.0000,0,0,0.000,1.000,19.607,-262.122,-639.040,56.452,0,0,0,99.292491
397,55.2694,walk-to-authored-tree,-284.003,-650.188,66.983,112.500,-89.544,270.901,-290.999,-675.355,-17.920,-275.514,-647.725,-11.897,1.0000,0.9375,-306.990,-646.475,57.915,-262.465,-664.825,59.614,0.1595,0.0000,1.6000,1,-100.000,550.000,0.0000,0.0000,0,0,-262.465,-664.825,59.614,0.000,0,-1.000000,1.000,28.924,-1.000000,0.0000,0.0000,0,0,0.000,1.000,19.607,-262.465,-664.825,59.614,0,0,0,99.290073
398,55.4045,walk-to-authored-tree,-283.808,-665.413,66.585,112.500,-89.099,271.320,-291.783,-675.417,-18.277,-273.676,-684.786,-10.215,1.0000,0.9375,-307.093,-660.294,58.432,-262.265,-681.299,60.320,0.2864,0.0000,1.6000,1,-100.000,550.000,0.0000,0.0000,0,0,-262.265,-681.299,60.320,0.000,0,-1.000000,1.000,28.924,-1.000000,0.0000,0.0000,0,0,0.000,1.000,19.607,-262.265,-681.299,60.320,0,0,0,99.287908
399,55.5468,walk-to-authored-tree,-283.483,-681.399,66.170,112.500,-88.680,271.781,-292.478,-675.466,-18.747,-271.302,-719.978,-16.756,1.0000,0.9375,-305.572,-682.691,55.482,-261.279,-691.396,56.529,0.4197,0.0000,1.6000,1,-100.000,550.000,0.0000,0.0000,0,0,-261.279,-691.396,56.529,0.000,0,-1.000000,1.000,28.924,-1.000000,0.0000,0.0000,0,0,0.000,1.000,19.607,-261.279,-691.396,56.529,0,0,0,99.285634
400,55.6805,walk-to-authored-tree,-283.061,-696.449,65.819,112.500,-88.219,272.238,-293.089,-682.383,-18.599,-270.972,-733.740,-19.306,1.0000,0.9375,-303.534,-707.660,55.101,-260.910,-696.473,54.474,0.5451,0.0000,1.6000,1,-100.000,550.000,0.0000,0.0000,0,0,-260.910,-696.473,54.474,0.000,0,-1.000000,1.000,28.924,-1.000000,0.0000,0.0000,0,0,0.000,1.000,19.607,-260.910,-696.473,54.474,0,0,0,99.283492
401,55.8155,walk-to-authored-tree,-282.516,-711.598,65.482,112.500,-87.762,272.722,-290.997,-712.484,-13.105,-271.437,-733.729,-19.668,1.0000,0.9375,-301.078,-729.975,58.221,-260.374,-703.551,56.382,0.6715,0.0000,1.6000,1,-100.000,550.000,0.0000,0.0000,0,0,-260.374,-703.551,56.382,0.000,0,-1.000000,1.000,28.924,-1.000000,0.0000,0.0000,0,0,0.000,1.000,19.607,-260.374,-703.551,56.382,0,0,0,99.281336
402,55.9452,walk-to-authored-tree,-281.872,-726.198,65.179,112.500,-87.278,273.214,-288.125,-748.357,-11.695,-272.261,-733.766,-19.575,1.0000,0.9375,-300.146,-745.611,59.031,-259.934,-716.952,57.060,0.7932,0.0000,1.6000,1,-100.000,550.000,0.0000,0.0000,0,0,-259.934,-716.952,57.060,0.000,0,-1.000000,1.000,28.924,-1.000000,0.0000,0.0000,0,0,0.000,1.000,19.607,-259.934,-716.952,57.060,0,0,0,99.279258
403,56.0793,walk-to-authored-tree,-281.078,-741.245,64.936,112.500,-86.786,273.749,-285.038,-781.334,-18.207,-273.179,-733.685,-20.239,1.0000,0.9375,-300.568,-755.487,55.108,-258.935,-737.966,54.024,0.9188,0.0000,1.6000,1,-100.000,550.000,0.0000,0.0000,0,0,-258.935,-737.966,54.024,0.000,0,-1.000000,1.000,28.924,-1.000000,0.0000,0.0000,0,0,0.000,1.000,19.607,-258.935,-737.966,54.024,0,0,0,99.277115
404,56.2101,walk-to-authored-tree,-280.170,-755.943,64.705,112.500,-86.251,274.305,-283.815,-795.390,-20.224,-273.421,-739.845,-19.618,1.0000,0.9375,-301.708,-761.038,53.524,-257.738,-762.187,54.096,0.0415,0.0000,1.6000,1,-100.000,550.000,0.0000,0.0000,0,0,-257.738,-762.187,54.096,0.000,0,-1.000000,1.000,28.924,-1.000000,0.0000,0.0000,0,0,0.000,1.000,19.607,-257.738,-762.187,54.096,0,0,0,99.275021
405,56.3572,walk-to-authored-tree,-278.986,-772.431,64.503,112.500,-85.695,274.968,-284.610,-795.706,-20.524,-270.248,-772.566,-13.682,1.0000,0.9375,-302.315,-769.528,55.695,-256.519,-786.218,57.466,0.1793,0.0000,1.6000,1,-100.000,550.000,0.0000,0.0000,0,0,-256.519,-786.218,57.466,0.000,0,-1.000000,1.000,28.924,-1.000000,0.0000,0.0000,0,0,0.000,1.000,19.607,-256.519,-786.218,57.466,0,0,0,99.272670
406,56.5018,walk-to-authored-tree,-277.639,-788.676,64.318,112.500,-85.032,275.673,-285.313,-795.793,-20.562,-265.291,-812.323,-13.389,1.0000,0.9375,-300.978,-785.926,55.743,-254.936,-802.420,57.573,0.3151,0.0000,1.6000,1,-100.000,550.000,0.0000,0.0000,0,0,-254.936,-802.420,57.573,0.000,0,-1.000000,1.000,28.924,-1.000000,0.0000,0.0000,0,0,0.000,1.000,19.607,-254.936,-802.420,57.573,0,0,0,99.270351
407,56.6509,walk-to-authored-tree,-276.053,-805.352,64.141,112.500,-84.327,276.459,-286.389,-796.022,-20.979,-260.809,-845.661,-20.308,1.0000,0.9375,-297.561,-810.917,52.788,-253.499,-811.173,53.416,0.4547,0.0000,1.6000,1,-100.000,550.000,0.0000,0.0000,0,0,-253.499,-811.173,53.416,0.000,0,-1.000000,1.000,28.924,-1.000000,0.0000,0.0000,0,0,0.000,1.000,19.607,-253.499,-811.173,53.416,0,0,0,99.267969
408,56.7952,walk-to-authored-tree,-274.302,-821.510,63.979,112.500,-83.541,277.293,-284.621,-812.108,-18.610,-259.937,-852.341,-21.061,1.0000,0.9375,-292.714,-837.331,54.510,-252.369,-816.312,53.341,0.5902,0.0000,1.6000,1,-100.000,550.000,0.0000,0.0000,0,0,-252.369,-816.312,53.341,0.000,0,-1.000000,1.000,28.924,-1.000000,0.0000,0.0000,0,0,0.000,1.000,19.607,-252.369,-816.312,53.341,0,0,0,99.265657
409,56.9444,walk-to-authored-tree,-272.255,-838.152,63.823,112.500,-82.707,278.237,-278.875,-849.650,-12.725,-260.693,-852.367,-21.029,1.0000,0.9375,-288.856,-859.268,57.792,-251.213,-826.817,55.778,0.7299,0.0000,1.6000,1,-100.000,550.000,0.0000,0.0000,0,0,-251.213,-826.817,55.778,0.000,0,-1.000000,1.000,28.924,-1.000000,0.0000,0.0000,0,0,0.000,1.000,19.607,-251.213,-826.817,55.778,0,0,0,99.263273
410,57.0972,walk-to-authored-tree,-269.886,-855.192,63.671,112.500,-81.763,279.316,-271.460,-890.307,-16.845,-261.640,-852.331,-21.188,1.0000,0.9375,-287.231,-873.637,55.462,-248.589,-846.992,53.957,0.8733,0.0000,1.6000,1,-100.000,550.000,0.0000,0.0000,0,0,-248.589,-846.992,53.957,0.000,0,-1.000000,1.000,28.924,-1.000000,0.0000,0.0000,0,0,0.000,1.000,19.607,-248.589,-846.992,53.957,0,0,0,99.260826
411,57.2288,walk-to-authored-tree,-267.596,-869.800,63.552,112.500,-80.684,280.366,-266.364,-914.303,-21.332,-262.645,-852.407,-21.380,1.0000,0.9375,-287.425,-880.535,52.409,-245.159,-870.245,52.351,0.9965,0.0000,1.6000,1,-100.000,550.000,0.0000,0.0000,0,0,-245.159,-870.245,52.351,0.000,0,-1.000000,1.000,28.924,-1.000000,0.0000,0.0000,0,0,0.000,1.000,19.607,-245.159,-870.245,52.351,0,0,0,99.258723
412,57.3597,walk-to-authored-tree,-265.049,-884.327,63.439,112.500,-79.634,281.539,-266.475,-914.923,-21.516,-258.544,-874.766,-17.553,1.0000,0.9375,-287.724,-886.582,53.459,-241.514,-893.158,54.879,0.1194,0.0000,1.6000,1,-100.000,550.000,0.0000,0.0000,0,0,-241.514,-893.158,54.879,0.000,0,-1.000000,1.000,28.924,-1.000000,0.0000,0.0000,0,0,0.000,1.000,19.607,-241.514,-893.158,54.879,0,0,0,99.256625
413,57.4879,walk-to-authored-tree,-262.285,-898.460,63.338,112.500,-78.461,282.842,-266.777,-915.187,-21.557,-250.905,-907.522,-13.120,1.0000,0.9375,-286.168,-897.393,55.314,-238.119,-910.350,57.232,0.2394,0.0000,1.6000,1,-100.000,550.000,0.0000,0.0000,0,0,-238.119,-910.350,57.232,0.000,0,-1.000000,1.000,28.924,-1.000000,0.0000,0.0000,0,0,0.000,1.000,19.607,-238.119,-910.350,57.232,0,0,0,99.254577
414,57.6185,walk-to-authored-tree,-259.149,-912.821,63.244,112.500,-77.158,284.375,-267.520,-915.512,-21.693,-241.810,-941.645,-16.748,1.0000,0.9375,-282.136,-915.203,53.675,-235.206,-921.613,55.256,0.3619,0.0000,1.6000,1,-100.000,550.000,0.0000,0.0000,0,0,-235.206,-921.613,55.256,0.000,0,-1.000000,1.000,28.924,-1.000000,0.0000,0.0000,0,0,0.000,1.000,19.607,-235.206,-921.613,55.256,0,0,0,99.252487
415,57.7480,walk-to-authored-tree,-255.684,-926.964,63.160,112.500,-75.625,286.175,-268.548,-916.051,-21.767,-234.350,-965.667,-21.738,1.0000,0.9375,-275.401,-937.941,51.882,-233.171,-927.180,52.119,0.4832,0.0000,1.6000,1,-100.000,550.000,0.0000,0.0000,0,0,-233.171,-927.180,52.119,0.000,0,-1.000000,1.000,28.924,-1.000000,0.0000,0.0000,0,0,0.000,1.000,19.607,-233.171,-927.180,52.119,0,0,0,99.250416
416,57.8831,walk-to-authored-tree,-251.622,-941.624,63.085,112.500,-73.825,288.471,-262.554,-936.118,-18.397,-232.963,-967.394,-21.838,1.0000,0.9375,-266.475,-961.384,54.290,-231.176,-931.467,52.921,0.6100,0.0000,1.6000,1,-100.000,550.000,0.0000,0.0000,0,0,-231.176,-931.467,52.921,0.000,0,-1.000000,1.000,28.924,-1.000000,0.0000,0.0000,0,0,0.000,1.000,19.607,-231.176,-931.467,52.921,0,0,0,99.248252
417,58.0143,walk-to-authored-tree,-247.164,-955.688,63.023,112.500,-71.529,291.351,-251.235,-968.725,-13.485,-233.211,-967.043,-21.838,1.0000,0.9375,-259.345,-979.649,57.003,-228.733,-940.455,54.985,0.7329,0.0000,1.6000,1,-100.000,550.000,0.0000,0.0000,0,0,-228.733,-940.455,54.985,0.000,0,-1.000000,1.000,28.924,-1.000000,0.0000,0.0000,0,0,0.000,1.000,19.607,-228.733,-940.455,54.985,0,0,0,99.246154
418,58.1626,view-authored-tree,-247.164,-955.688,63.023,0.000,-71.529,291.351,-250.737,-970.102,-20.744,-233.454,-966.480,-22.048,0.2587,0.0000,-264.120,-971.985,57.292,-226.014,-949.595,56.757,0.7329,0.0000,1.6000,1,-100.000,550.000,0.0000,0.0000,0,0,-226.014,-949.595,56.757,0.000,0,-1.000000,1.000,28.924,-1.000000,0.0000,0.0000,0,0,0.000,1.000,19.607,-226.014,-949.595,56.757,0,0,0,99.243781
419,58.3484,view-authored-tree,-247.164,-955.688,63.023,0.000,-71.529,283.161,-250.531,-970.511,-21.890,-233.557,-966.250,-21.890,0.0000,0.0000,-265.645,-969.098,57.812,-225.293,-952.819,57.812,0.7329,0.0000,1.6000,1,-100.000,550.000,0.0000,0.0000,0,0,-225.293,-952.819,57.812,0.000,0,-1.000000,1.000,28.924,-1.000000,0.0000,0.0000,0,0,0.000,1.000,19.607,-225.293,-952.819,57.812,0,0,0,99.240808
420,58.4927,view-authored-tree,-247.164,-955.688,63.023,0.000,-71.529,279.941,-250.531,-970.511,-21.890,-233.557,-966.250,-21.890,0.0000,0.0000,-265.653,-969.078,57.803,-225.302,-952.798,57.803,0.7329,0.0000,1.6000,1,-100.000,550.000,0.0000,0.0000,0,0,-225.302,-952.798,57.803,0.000,0,-1.000000,1.000,28.924,-1.000000,0.0000,0.0000,0,0,0.000,1.000,19.607,-225.302,-952.798,57.803,0,0,0,99.238495
421,58.6202,view-authored-tree,-247.164,-955.688,63.023,0.000,-71.529,278.201,-250.531,-970.511,-21.890,-233.557,-966.250,-21.890,0.0000,0.0000,-265.692,-968.997,57.802,-225.330,-952.714,57.802,0.7329,0.0000,1.6000,1,-100.000,550.000,0.0000,0.0000,0,0,-225.330,-952.714,57.802,0.000,0,-1.000000,1.000,28.924,-1.000000,0.0000,0.0000,0,0,0.000,1.000,19.607,-225.330,-952.714,57.802,0,0,0,99.236463
422,58.7469,view-authored-tree,-247.164,-955.688,63.023,0.000,-71.529,277.049,-250.531,-970.511,-21.890,-233.557,-966.250,-21.890,0.0000,0.0000,-265.692,-968.997,57.802,-225.330,-952.714,57.802,0.7329,0.0000,1.6000,1,-100.000,550.000,0.0000,0.0000,0,0,-225.330,-952.714,57.802,0.000,0,-1.000000,1.000,28.924,-1.000000,0.0000,0.0000,0,0,0.000,1.000,19.607,-225.330,-952.714,57.802,0,0,0,99.234429
423,58.8759,view-authored-tree,-247.164,-955.688,63.023,0.000,-71.529,276.278,-250.531,-970.511,-21.890,-233.557,-966.250,-21.890,0.0000,0.0000,-265.699,-968.981,57.799,-225.336,-952.697,57.799,0.7329,0.0000,1.6000,1,-100.000,550.000,0.0000,0.0000,0,0,-225.336,-952.697,57.799,0.000,0,-1.000000,1.000,28.924,-1.000000,0.0000,0.0000,0,0,0.000,1.000,19.607,-225.336,-952.697,57.799,0,0,0,99.232369
424,59.0069,view-authored-tree,-247.164,-955.688,63.023,0.000,-71.529,275.762,-250.531,-970.511,-21.890,-233.557,-966.250,-21.890,0.0000,0.0000,-265.699,-968.981,57.799,-225.336,-952.697,57.799,0.7329,0.0000,1.6000,1,-100.000,550.000,0.0000,0.0000,0,0,-225.336,-952.697,57.799,0.000,0,-1.000000,1.000,28.924,-1.000000,0.0000,0.0000,0,0,0.000,1.000,19.607,-225.336,-952.697,57.799,0,0,0,99.230269
425,59.1369,view-authored-tree,-247.164,-955.688,63.023,0.000,-71.529,275.431,-250.531,-970.511,-21.890,-233.557,-966.250,-21.890,0.0000,0.0000,-265.647,-969.095,57.816,-225.294,-952.815,57.816,0.7329,0.0000,1.6000,1,-100.000,550.000,0.0000,0.0000,0,0,-225.294,-952.815,57.816,0.000,0,-1.000000,1.000,28.924,-1.000000,0.0000,0.0000,0,0,0.000,1.000,19.607,-225.294,-952.815,57.816,0,0,0,99.228192
426,59.2650,view-authored-tree,-247.164,-955.688,63.023,0.000,-71.529,275.217,-250.531,-970.511,-21.890,-233.557,-966.250,-21.890,0.0000,0.0000,-265.613,-969.170,57.827,-225.266,-952.894,57.827,0.7329,0.0000,1.6000,1,-100.000,550.000,0.0000,0.0000,0,0,-225.266,-952.894,57.827,0.000,0,-1.000000,1.000,28.924,-1.000000,0.0000,0.0000,0,0,0.000,1.000,19.607,-225.266,-952.894,57.827,0,0,0,99.226139
427,59.3954,view-authored-tree,-247.164,-955.688,63.023,0.000,-71.529,275.074,-250.531,-970.511,-21.890,-233.557,-966.250,-21.890,0.0000,0.0000,-265.579,-969.246,57.839,-225.238,-952.972,57.839,0.7329,0.0000,1.6000,1,-100.000,550.000,0.0000,0.0000,0,0,-225.238,-952.972,57.839,0.000,0,-1.000000,1.000,28.924,-1.000000,0.0000,0.0000,0,0,0.000,1.000,19.607,-225.238,-952.972,57.839,0,0,0,99.224055
428,59.5456,view-authored-tree,-247.164,-955.688,63.023,0.000,-71.529,274.859,-250.531,-970.511,-21.890,-233.557,-966.250,-21.890,0.0000,0.0000,-265.533,-969.346,57.854,-225.201,-953.075,57.854,0.7329,0.0000,1.6000,1,-100.000,550.000,0.0000,0.0000,0,0,-225.201,-953.075,57.854,0.000,0,-1.000000,1.000,28.924,-1.000000,0.0000,0.0000,0,0,0.000,1.000,19.607,-225.201,-953.075,57.854,0,0,0,99.221649
429,59.6937,view-authored-tree,-247.164,-955.688,63.023,0.000,-71.529,274.720,-250.531,-970.511,-21.890,-233.557,-966.250,-21.890,0.0000,0.0000,-265.494,-969.433,57.868,-225.170,-953.165,57.868,0.7329,0.0000,1.6000,1,-100.000,550.000,0.0000,0.0000,0,0,-225.170,-953.165,57.868,0.000,0,-1.000000,1.000,28.924,-1.000000,0.0000,0.0000,0,0,0.000,1.000,19.607,-225.170,-953.165,57.868,0,0,0,99.219282
430,59.8235,view-authored-tree,-247.164,-955.688,63.023,0.000,-71.529,274.639,-250.531,-970.511,-21.890,-233.557,-966.250,-21.890,0.0000,0.0000,-265.462,-969.504,57.879,-225.143,-953.239,57.879,0.7329,0.0000,1.6000,1,-100.000,550.000,0.0000,0.0000,0,0,-225.143,-953.239,57.879,0.000,0,-1.000000,1.000,28.924,-1.000000,0.0000,0.0000,0,0,0.000,1.000,19.607,-225.143,-953.239,57.879,0,0,0,99.217203
431,59.9552,view-authored-tree,-247.164,-955.688,63.023,0.000,-71.529,274.582,-250.531,-970.511,-21.890,-233.557,-966.250,-21.890,0.0000,0.0000,-265.448,-969.534,57.884,-225.133,-953.270,57.884,0.7329,0.0000,1.6000,1,-100.000,550.000,0.0000,0.0000,0,0,-225.133,-953.270,57.884,0.000,0,-1.000000,1.000,28.924,-1.000000,0.0000,0.0000,0,0,0.000,1.000,19.607,-225.133,-953.270,57.884,0,0,0,99.215100
432,60.0888,view-authored-tree,-247.164,-955.688,63.023,0.000,-71.529,274.542,-250.531,-970.511,-21.890,-233.557,-966.250,-21.890,0.0000,0.0000,-265.448,-969.534,57.884,-225.133,-953.270,57.884,0.7329,0.0000,1.6000,1,-100.000,550.000,0.0000,0.0000,0,0,-225.133,-953.270,57.884,0.000,0,-1.000000,1.000,28.924,-1.000000,0.0000,0.0000,0,0,0.000,1.000,19.607,-225.133,-953.270,57.884,0,0,0,99.212964
433,60.2218,view-authored-tree,-247.164,-955.688,63.023,0.000,-71.529,274.515,-250.531,-970.511,-21.890,-233.557,-966.250,-21.890,0.0000,0.0000,-265.419,-969.599,57.895,-225.109,-953.337,57.895,0.7329,0.0000,1.6000,1,-100.000,550.000,0.0000,0.0000,0,0,-225.109,-953.337,57.895,0.000,0,-1.000000,1.000,28.924,-1.000000,0.0000,0.0000,0,0,0.000,1.000,19.607,-225.109,-953.337,57.895,0,0,0,99.210833
434,60.3509,view-authored-tree,-247.164,-955.688,63.023,0.000,-71.529,274.498,-250.531,-970.511,-21.890,-233.557,-966.250,-21.890,0.0000,0.0000,-265.419,-969.599,57.895,-225.109,-953.337,57.895,0.7329,0.0000,1.6000,1,-100.000,550.000,0.0000,0.0000,0,0,-225.109,-953.337,57.895,0.000,0,-1.000000,1.000,28.924,-1.000000,0.0000,0.0000,0,0,0.000,1.000,19.607,-225.109,-953.337,57.895,0,0,0,99.208766
435,60.4797,view-authored-tree,-247.164,-955.688,63.023,0.000,-71.529,274.486,-250.531,-970.511,-21.890,-233.557,-966.250,-21.890,0.0000,0.0000,-265.444,-969.543,57.887,-225.129,-953.280,57.887,0.7329,0.0000,1.6000,1,-100.000,550.000,0.0000,0.0000,0,0,-225.129,-953.280,57.887,0.000,0,-1.000000,1.000,28.924,-1.000000,0.0000,0.0000,0,0,0.000,1.000,19.607,-225.129,-953.280,57.887,0,0,0,99.206710
436,60.6103,view-authored-tree,-247.164,-955.688,63.023,0.000,-71.529,274.478,-250.531,-970.511,-21.890,-233.557,-966.250,-21.890,0.0000,0.0000,-265.472,-969.480,57.881,-225.153,-953.214,57.881,0.7329,0.0000,1.6000,1,-100.000,550.000,0.0000,0.0000,0,0,-225.153,-953.214,57.881,0.000,0,-1.000000,1.000,28.924,-1.000000,0.0000,0.0000,0,0,0.000,1.000,19.607,-225.153,-953.214,57.881,0,0,0,99.204615
437,60.7591,view-authored-tree,-247.164,-955.688,63.023,0.000,-71.529,274.471,-250.531,-970.511,-21.890,-233.557,-966.250,-21.890,0.0000,0.0000,-265.504,-969.411,57.864,-225.178,-953.142,57.864,0.7329,0.0000,1.6000,1,-100.000,550.000,0.0000,0.0000,0,0,-225.178,-953.142,57.864,0.000,0,-1.000000,1.000,28.924,-1.000000,0.0000,0.0000,0,0,0.000,1.000,19.607,-225.178,-953.142,57.864,0,0,0,99.202237
438,60.9075,view-authored-tree,-247.164,-955.688,63.023,0.000,-71.529,274.467,-250.531,-970.511,-21.890,-233.557,-966.250,-21.890,0.0000,0.0000,-265.548,-969.315,57.849,-225.213,-953.043,57.849,0.7329,0.0000,1.6000,1,-100.000,550.000,0.0000,0.0000,0,0,-225.213,-953.043,57.849,0.000,0,-1.000000,1.000,28.924,-1.000000,0.0000,0.0000,0,0,0.000,1.000,19.607,-225.213,-953.043,57.849,0,0,0,99.199859
439,61.0544,view-authored-tree,-247.164,-955.688,63.023,0.000,-71.529,274.465,-250.531,-970.511,-21.890,-233.557,-966.250,-21.890,0.0000,0.0000,-265.588,-969.226,57.835,-225.246,-952.951,57.835,0.7329,0.0000,1.6000,1,-100.000,550.000,0.0000,0.0000,0,0,-225.246,-952.951,57.835,0.000,0,-1.000000,1.000,28.924,-1.000000,0.0000,0.0000,0,0,0.000,1.000,19.607,-225.246,-952.951,57.835,0,0,0,99.197512
440,61.1955,walk-into-authored-trunk,-247.164,-955.688,63.023,0.000,-71.529,274.463,-250.531,-970.511,-21.890,-233.557,-966.250,-21.890,0.0000,0.0000,-265.629,-969.134,57.822,-225.279,-952.856,57.822,0.7329,0.0000,1.6000,1,-100.000,550.000,0.0000,0.0000,0,0,-225.279,-952.856,57.822,0.000,0,-1.000000,1.000,28.924,-1.000000,0.0000,0.0000,0,0,0.000,1.000,19.607,-225.279,-952.856,57.822,0,0,0,99.195251
441,61.3449,walk-into-authored-trunk,-246.660,-962.154,62.976,65.241,-85.537,274.463,-252.137,-985.477,-17.720,-236.853,-969.063,-22.451,0.7456,0.5437,-265.419,-978.951,56.164,-224.742,-955.775,54.746,0.8140,0.0000,1.6000,1,-100.000,550.000,0.0000,0.0000,0,0,-224.742,-955.775,54.746,0.000,0,-1.000000,1.000,28.924,-1.000000,0.0000,0.0000,0,0,0.000,1.000,19.607,-224.742,-955.775,54.746,0,0,0,99.192865
442,61.4927,walk-into-authored-trunk,-245.477,-977.299,62.866,112.500,-85.537,274.463,-248.155,-1020.305,-21.477,-238.290,-965.578,-22.262,1.0000,0.9375,-265.240,-989.674,52.216,-223.258,-976.134,51.541,0.9528,0.0000,1.6000,1,-100.000,550.000,0.0000,0.0000,0,0,-223.258,-976.134,51.541,0.000,0,-1.000000,1.000,28.924,-1.000000,0.0000,0.0000,0,0,0.000,1.000,19.607,-223.258,-976.134,51.541,0,0,0,99.190497
443,61.6238,walk-into-authored-trunk,-244.332,-991.971,62.767,112.500,-85.537,274.463,-248.091,-1027.503,-22.136,-237.463,-978.286,-20.351,1.0000,0.9375,-266.410,-994.810,51.984,-221.790,-1000.447,52.972,0.0754,0.0000,1.6000,1,-100.000,550.000,0.0000,0.0000,0,0,-221.790,-1000.447,52.972,0.000,0,-1.000000,1.000,28.924,-1.000000,0.0000,0.0000,0,0,0.000,1.000,19.607,-221.790,-1000.447,52.972,0,0,0,99.188404
444,61.7545,walk-into-authored-trunk,-243.185,-1006.664,62.670,112.500,-85.537,274.463,-249.099,-1027.646,-22.364,-234.044,-1009.904,-14.728,1.0000,0.9375,-266.683,-1003.239,54.169,-220.721,-1020.916,56.011,0.1982,0.0000,1.6000,1,-100.000,550.000,0.0000,0.0000,0,0,-220.721,-1020.916,56.011,0.000,0,-1.000000,1.000,28.924,-1.000000,0.0000,0.0000,0,0,0.000,1.000,19.607,-220.721,-1020.916,56.011,0,0,0,99.186308
445,61.8852,walk-into-authored-trunk,-242.045,-1021.276,62.583,112.500,-85.537,274.463,-249.874,-1027.698,-22.296,-229.793,-1045.873,-15.348,1.0000,0.9375,-265.327,-1018.499,53.919,-219.466,-1035.063,55.729,0.3204,0.0000,1.6000,1,-100.000,550.000,0.0000,0.0000,0,0,-219.466,-1035.063,55.729,0.000,0,-1.000000,1.000,28.924,-1.000000,0.0000,0.0000,0,0,0.000,1.000,19.607,-219.466,-1035.063,55.729,0,0,0,99.184223
446,62.0282,walk-into-authored-trunk,-240.792,-1037.329,62.549,112.500,-85.537,274.463,-250.924,-1027.800,-22.572,-226.402,-1077.942,-21.897,1.0000,0.9375,-262.413,-1042.427,51.196,-218.364,-1043.636,51.826,0.4546,0.0000,1.6000,1,-100.000,550.000,0.0000,0.0000,0,0,-218.364,-1043.636,51.826,0.000,0,-1.000000,1.000,28.924,-1.000000,0.0000,0.0000,0,0,0.000,1.000,19.607,-218.364,-1043.636,51.826,0,0,0,99.181933
447,62.1622,walk-into-authored-trunk,-239.618,-1052.365,62.549,112.500,-85.537,274.463,-249.883,-1041.659,-20.380,-226.308,-1084.864,-22.377,1.0000,0.9375,-258.866,-1066.962,52.936,-217.604,-1048.685,51.867,0.5802,0.0000,1.6000,1,-100.000,550.000,0.0000,0.0000,0,0,-217.604,-1048.685,51.867,0.000,0,-1.000000,1.000,28.924,-1.000000,0.0000,0.0000,0,0,0.000,1.000,19.607,-217.604,-1048.685,51.867,0,0,0,99.179788
448,62.2969,walk-into-authored-trunk,-238.437,-1067.496,62.295,112.500,-85.537,274.463,-246.147,-1074.662,-14.576,-227.192,-1084.978,-22.426,1.0000,0.9375,-256.113,-1087.456,56.147,-216.790,-1057.589,54.176,0.7067,0.0000,1.6000,1,-100.000,550.000,0.0000,0.0000,0,0,-216.790,-1057.589,54.176,0.000,0,-1.000000,1.000,28.924,-1.000000,0.0000,0.0000,0,0,0.000,1.000,19.607,-216.790,-1057.589,54.176,0,0,0,99.177629
449,62.4477,walk-into-authored-trunk,-237.118,-1084.385,62.295,112.500,-85.537,274.463,-241.594,-1115.748,-16.937,-228.369,-1085.067,-22.614,1.0000,0.9375,-255.397,-1102.786,54.762,-215.488,-1076.288,53.076,0.8479,0.0000,1.6000,1,-100.000,550.000,0.0000,0.0000,0,0,-215.488,-1076.288,53.076,0.000,0,-1.000000,1.000,28.924,-1.000000,0.0000,0.0000,0,0,0.000,1.000,19.607,-215.488,-1076.288,53.076,0,0,0,99.175220
450,62.5927,walk-into-authored-trunk,-235.847,-1100.669,62.295,112.500,-85.537,274.463,-238.429,-1145.110,-22.453,-229.266,-1085.213,-22.619,1.0000,0.9375,-256.290,-1110.621,51.269,-213.586,-1101.989,51.039,0.9840,0.0000,1.6000,1,-100.000,550.000,0.0000,0.0000,0,0,-213.586,-1101.989,51.039,0.000,0,-1.000000,1.000,28.924,-1.000000,0.0000,0.0000,0,0,0.000,1.000,19.607,-213.586,-1101.989,51.039,0,0,0,99.172897
451,62.7401,walk-into-authored-trunk,-234.559,-1117.175,62.295,112.500,-85.537,274.463,-239.153,-1147.150,-22.645,-227.033,-1108.705,-18.556,1.0000,0.9375,-257.365,-1116.950,52.384,-212.042,-1128.521,53.828,0.1220,0.0000,1.6000,1,-100.000,550.000,0.0000,0.0000,0,0,-212.042,-1128.521,53.828,0.000,0,-1.000000,1.000,28.924,-1.000000,0.0000,0.0000,0,0,0.000,1.000,19.607,-212.042,-1128.521,53.828,0,0,0,99.170543
452,62.8874,walk-into-authored-trunk,-233.267,-1133.723,62.027,112.500,-85.537,274.463,-240.145,-1147.280,-22.869,-222.556,-1147.884,-14.426,1.0000,0.9375,-256.837,-1129.718,54.004,-210.750,-1148.501,55.921,0.2603,0.0000,1.6000,1,-100.000,550.000,0.0000,0.0000,0,0,-210.750,-1148.501,55.921,0.000,0,-1.000000,1.000,28.924,-1.000000,0.0000,0.0000,0,0,0.000,1.000,19.607,-210.750,-1148.501,55.921,0,0,0,99.168182
453,63.0195,walk-into-authored-trunk,-232.113,-1148.514,62.027,112.500,-85.537,274.463,-241.261,-1147.424,-22.786,-218.881,-1182.428,-19.011,1.0000,0.9375,-255.030,-1148.690,52.118,-209.790,-1159.552,53.516,0.3839,0.0000,1.6000,1,-100.000,550.000,0.0000,0.0000,0,0,-209.790,-1159.552,53.516,0.000,0,-1.000000,1.000,28.924,-1.000000,0.0000,0.0000,0,0,0.000,1.000,19.607,-209.790,-1159.552,53.516,0,0,0,99.166072
454,63.1508,walk-into-authored-trunk,-230.962,-1163.257,62.027,112.500,-85.537,274.463,-241.535,-1148.310,-22.849,-216.206,-1204.390,-22.950,1.0000,0.9375,-251.321,-1172.509,50.908,-208.409,-1165.344,50.807,0.5072,0.0000,1.6000,1,-100.000,550.000,0.0000,0.0000,0,0,-208.409,-1165.344,50.807,0.000,0,-1.000000,1.000,28.924,-1.000000,0.0000,0.0000,0,0,0.000,1.000,19.607,-208.409,-1165.344,50.807,0,0,0,99.163969
455,63.2834,walk-into-authored-trunk,-229.803,-1178.102,62.027,112.500,-85.537,274.463,-239.138,-1173.347,-18.431,-217.215,-1204.643,-22.957,1.0000,0.9375,-248.136,-1195.623,53.828,-207.886,-1171.121,52.240,0.6312,0.0000,1.6000,1,-100.000,550.000,0.0000,0.0000,0,0,-207.886,-1171.121,52.240,0.000,0,-1.000000,1.000,28.924,-1.000000,0.0000,0.0000,0,0,0.000,1.000,19.607,-207.886,-1171.121,52.240,0,0,0,99.161851
456,63.4160,walk-into-authored-trunk,-228.640,-1193.008,62.027,112.500,-85.537,274.463,-235.180,-1208.810,-14.404,-218.272,-1204.625,-22.875,1.0000,0.9375,-246.244,-1213.361,56.027,-207.083,-1182.632,54.001,0.7558,0.0000,1.6000,1,-100.000,550.000,0.0000,0.0000,0,0,-207.083,-1182.632,54.001,0.000,0,-1.000000,1.000,28.924,-1.000000,0.0000,0.0000,0,0,0.000,1.000,19.607,-207.083,-1182.632,54.001,0,0,0,99.159725
457,63.5504,walk-into-authored-trunk,-227.465,-1208.059,62.027,112.500,-85.537,274.384,-231.148,-1244.149,-19.181,-219.149,-1204.753,-23.110,1.0000,0.9375,-246.054,-1224.897,53.293,-205.603,-1201.751,51.856,0.8816,0.0000,1.6000,1,-100.000,550.000,0.0000,0.0000,0,0,-205.603,-1201.751,51.856,0.000,0,-1.000000,1.000,28.924,-1.000000,0.0000,0.0000,0,0,0.000,1.000,19.607,-205.603,-1201.751,51.856,0,0,0,99.157577
458,63.6788,walk-into-authored-trunk,-226.351,-1222.492,62.027,112.500,-85.616,274.246,-228.984,-1266.673,-22.911,-219.981,-1205.198,-22.885,1.0000,0.9375,-247.143,-1231.025,50.837,-204.019,-1225.346,50.863,0.0023,0.0000,1.6000,1,-100.000,550.000,0.0000,0.0000,0,0,-204.019,-1225.346,50.863,0.000,0,-1.000000,1.000,28.924,-1.000000,0.0000,0.0000,0,0,0.000,1.000,19.607,-204.019,-1225.346,50.863,0,0,0,99.155519
459,63.8163,walk-into-authored-trunk,-225.196,-1237.874,62.027,112.500,-85.754,274.053,-229.997,-1266.764,-22.848,-217.396,-1230.696,-18.310,1.0000,0.9375,-248.060,-1237.099,52.355,-202.676,-1249.789,53.884,0.1308,0.0000,1.6000,1,-100.000,550.000,0.0000,0.0000,0,0,-202.676,-1249.789,53.884,0.000,0,-1.000000,1.000,28.924,-1.000000,0.0000,0.0000,0,0,0.000,1.000,19.607,-202.676,-1249.789,53.884,0,0,0,99.153325
460,63.9670,walk-into-authored-trunk,-223.976,-1254.816,62.027,112.500,-85.947,273.801,-231.146,-1266.872,-22.839,-213.104,-1271.149,-14.520,1.0000,0.9375,-247.517,-1250.792,53.974,-201.572,-1269.660,55.887,0.2724,0.0000,1.6000,1,-100.000,550.000,0.0000,0.0000,0,0,-201.572,-1269.660,55.887,0.000,0,-1.000000,1.000,28.924,-1.000000,0.0000,0.0000,0,0,0.000,1.000,19.607,-201.572,-1269.660,55.887,0,0,0,99.150909
461,64.1354,walk-into-authored-trunk,-222.696,-1273.691,62.027,112.500,-86.199,273.482,-232.155,-1266.948,-22.736,-208.786,-1312.759,-21.173,1.0000,0.9375,-244.620,-1276.681,51.305,-200.154,-1282.053,52.243,0.4300,0.0000,1.6000,1,-100.000,550.000,0.0000,0.0000,0,0,-200.154,-1282.053,52.243,0.000,0,-1.000000,1.000,28.924,-1.000000,0.0000,0.0000,0,0,0.000,1.000,19.607,-200.154,-1282.053,52.243,0,0,0,99.148219
462,64.2934,walk-into-authored-trunk,-221.584,-1291.453,62.027,112.500,-86.518,273.149,-231.715,-1280.388,-20.962,-208.831,-1324.405,-22.874,1.0000,0.9375,-241.134,-1305.606,52.387,-199.531,-1288.296,51.337,0.5783,0.0000,1.6000,1,-100.000,550.000,0.0000,0.0000,0,0,-199.531,-1288.296,51.337,0.000,0,-1.000000,1.000,28.924,-1.000000,0.0000,0.0000,0,0,0.000,1.000,19.607,-199.531,-1288.296,51.337,0,0,0,99.145687
463,64.4305,walk-into-authored-trunk,-220.706,-1306.822,62.027,112.500,-86.851,272.840,-228.581,-1313.789,-14.845,-209.864,-1324.569,-22.693,1.0000,0.9375,-238.836,-1326.369,55.878,-198.837,-1297.416,53.908,0.7066,0.0000,1.6000,1,-100.000,550.000,0.0000,0.0000,0,0,-198.837,-1297.416,53.908,0.000,0,-1.000000,1.000,28.924,-1.000000,0.0000,0.0000,0,0,0.000,1.000,19.607,-198.837,-1297.416,53.908,0,0,0,99.143498
464,64.5724,walk-into-authored-trunk,-219.881,-1322.804,62.027,112.500,-87.160,272.503,-225.240,-1352.761,-16.950,-210.911,-1324.677,-22.991,1.0000,0.9375,-238.452,-1340.981,54.614,-197.906,-1314.971,52.858,0.8400,0.0000,1.6000,1,-100.000,550.000,0.0000,0.0000,0,0,-197.906,-1314.971,52.858,0.000,0,-1.000000,1.000,28.924,-1.000000,0.0000,0.0000,0,0,0.000,1.000,19.607,-197.906,-1314.971,52.858,0,0,0,99.141222
465,64.7129,walk-into-authored-trunk,-219.159,-1338.556,62.027,112.500,-87.497,272.154,-223.392,-1382.491,-22.571,-211.984,-1324.838,-22.966,1.0000,0.9375,-239.806,-1348.798,51.130,-197.053,-1339.653,50.726,0.9714,0.0000,1.6000,1,-100.000,550.000,0.0000,0.0000,0,0,-197.053,-1339.653,50.726,0.000,0,-1.000000,1.000,28.924,-1.000000,0.0000,0.0000,0,0,0.000,1.000,19.607,-197.053,-1339.653,50.726,0,0,0,99.138979
466,64.8550,walk-into-authored-trunk,-218.522,-1354.562,62.027,112.500,-87.846,271.782,-224.097,-1386.387,-22.924,-210.849,-1344.314,-19.729,1.0000,0.9375,-241.096,-1354.475,51.774,-196.425,-1365.792,53.051,0.1049,0.0000,1.6000,1,-100.000,550.000,0.0000,0.0000,0,0,-196.425,-1365.792,53.051,0.000,0,-1.000000,1.000,28.924,-1.000000,0.0000,0.0000,0,0,0.000,1.000,19.607,-196.425,-1365.792,53.051,0,0,0,99.136701
467,64.9894,walk-into-authored-trunk,-218.015,-1369.644,62.027,112.500,-88.218,271.416,-225.176,-1386.387,-22.850,-208.488,-1378.928,-14.483,1.0000,0.9375,-241.376,-1364.650,53.982,-196.215,-1385.397,55.899,0.2306,0.0000,1.6000,1,-100.000,550.000,0.0000,0.0000,0,0,-196.215,-1385.397,55.899,0.000,0,-1.000000,1.000,28.924,-1.000000,0.0000,0.0000,0,0,0.000,1.000,19.607,-196.215,-1385.397,55.899,0,0,0,99.134555
468,65.1490,walk-into-authored-trunk,-217.531,-1387.618,62.027,112.500,-88.584,270.961,-226.574,-1386.442,-22.816,-206.160,-1421.749,-18.861,1.0000,0.9375,-240.462,-1386.387,52.161,-195.841,-1400.016,53.589,0.3805,0.0000,1.6000,1,-100.000,550.000,0.0000,0.0000,0,0,-195.841,-1400.016,53.589,0.000,0,-1.000000,1.000,28.924,-1.000000,0.0000,0.0000,0,0,0.000,1.000,19.607,-195.841,-1400.016,53.589,0,0,0,99.131998
469,65.3153,walk-into-authored-trunk,-217.171,-1406.294,62.027,112.500,-89.039,270.461,-227.000,-1391.654,-22.590,-205.474,-1444.781,-23.048,1.0000,0.9375,-237.847,-1416.596,51.206,-194.966,-1407.372,50.691,0.5361,0.0000,1.6000,1,-100.000,550.000,0.0000,0.0000,0,0,-194.966,-1407.372,50.691,0.000,0,-1.000000,1.000,28.924,-1.000000,0.0000,0.0000,0,0,0.000,1.000,19.607,-194.966,-1407.372,50.691,0,0,0,99.129341
470,65.4744,walk-into-authored-trunk,-216.977,-1424.225,62.027,112.500,-89.539,269.951,-225.378,-1427.232,-16.033,-206.757,-1444.945,-23.197,1.0000,0.9375,-236.064,-1442.422,55.015,-194.638,-1416.424,53.112,0.6856,0.0000,1.6000,1,-100.000,550.000,0.0000,0.0000,0,0,-194.638,-1416.424,53.112,0.000,0,-1.000000,1.000,28.924,-1.000000,0.0000,0.0000,0,0,0.000,1.000,19.607,-194.638,-1416.424,53.112,0,0,0,99.126791
471,65.6139,walk-into-authored-trunk,-216.940,-1439.885,62.027,112.500,-90.049,269.479,-223.966,-1465.666,-16.115,-207.814,-1445.148,-23.280,1.0000,0.9375,-236.193,-1457.872,54.924,-194.530,-1432.330,53.026,0.8161,0.0000,1.6000,1,-100.000,550.000,0.0000,0.0000,0,0,-194.530,-1432.330,53.026,0.000,0,-1.000000,1.000,28.924,-1.000000,0.0000,0.0000,0,0,0.000,1.000,19.607,-194.530,-1432.330,53.026,0,0,0,99.124563
472,65.7740,walk-into-authored-trunk,-217.053,-1457.937,62.027,112.500,-90.521,268.907,-223.638,-1501.416,-22.504,-209.167,-1445.202,-22.984,1.0000,0.9375,-238.180,-1467.463,51.185,-195.054,-1459.816,50.714,0.9665,0.0000,1.6000,1,-100.000,550.000,0.0000,0.0000,0,0,-195.054,-1459.816,50.714,0.000,0,-1.000000,1.000,28.924,-1.000000,0.0000,0.0000,0,0,0.000,1.000,19.607,-195.054,-1459.816,50.714,0,0,0,99.121996
473,65.9281,walk-into-authored-trunk,-217.326,-1475.234,62.027,112.500,-91.093,268.321,-224.748,-1505.992,-22.938,-209.087,-1466.087,-19.435,1.0000,0.9375,-239.925,-1473.483,51.871,-195.956,-1488.050,53.205,0.1107,0.0000,1.6000,1,-100.000,550.000,0.0000,0.0000,0,0,-195.956,-1488.050,53.205,0.000,0,-1.000000,1.000,28.924,-1.000000,0.0000,0.0000,0,0,0.000,1.000,19.607,-195.956,-1488.050,53.205,0,0,0,99.119536
474,66.0797,walk-into-authored-trunk,-217.766,-1492.310,62.027,112.500,-91.679,267.703,-226.034,-1505.968,-22.874,-208.663,-1506.257,-14.394,1.0000,0.9375,-240.765,-1485.724,54.020,-196.963,-1509.451,55.935,0.2530,0.0000,1.6000,1,-100.000,550.000,0.0000,0.0000,0,0,-196.963,-1509.451,55.935,0.000,0,-1.000000,1.000,28.924,-1.000000,0.0000,0.0000,0,0,0.000,1.000,19.607,-196.963,-1509.451,55.935,0,0,0,99.117106
475,66.2184,walk-into-authored-trunk,-218.329,-1507.868,62.291,112.500,-92.297,267.099,-227.299,-1505.851,-22.517,-209.203,-1542.952,-18.678,1.0000,0.9375,-241.132,-1505.275,52.412,-197.486,-1521.523,53.821,0.3827,0.0000,1.6000,1,-100.000,550.000,0.0000,0.0000,0,0,-197.486,-1521.523,53.821,0.000,0,-1.000000,1.000,28.924,-1.000000,0.0000,0.0000,0,0,0.000,1.000,19.607,-197.486,-1521.523,53.821,0,0,0,99.114892
476,66.3532,walk-into-authored-trunk,-219.037,-1523.056,62.291,112.500,-92.901,266.470,-227.623,-1506.901,-22.573,-209.696,-1565.478,-22.684,1.0000,0.9375,-240.410,-1529.809,51.191,-196.939,-1527.824,51.057,0.5094,0.0000,1.6000,1,-100.000,550.000,0.0000,0.0000,0,0,-196.939,-1527.824,51.057,0.000,0,-1.000000,1.000,28.924,-1.000000,0.0000,0.0000,0,0,0.000,1.000,19.607,-196.939,-1527.824,51.057,0,0,0,99.112730
477,66.4877,walk-into-authored-trunk,-219.903,-1538.134,62.291,112.500,-93.530,265.801,-228.512,-1532.703,-17.945,-211.144,-1565.686,-22.678,1.0000,0.9375,-240.486,-1553.142,54.228,-197.231,-1534.053,52.603,0.6353,0.0000,1.6000,1,-100.000,550.000,0.0000,0.0000,0,0,-197.231,-1534.053,52.603,0.000,0,-1.000000,1.000,28.924,-1.000000,0.0000,0.0000,0,0,0.000,1.000,19.607,-197.231,-1534.053,52.603,0,0,0,99.110582
478,66.6219,walk-into-authored-trunk,-220.942,-1553.220,62.543,112.500,-94.199,265.080,-229.792,-1568.827,-13.911,-212.425,-1565.634,-22.346,1.0000,0.9375,-241.414,-1570.664,56.534,-198.066,-1546.237,54.512,0.7613,0.0000,1.6000,1,-100.000,550.000,0.0000,0.0000,0,0,-198.066,-1546.237,54.512,0.000,0,-1.000000,1.000,28.924,-1.000000,0.0000,0.0000,0,0,0.000,1.000,19.607,-198.066,-1546.237,54.512,0,0,0,99.108431
479,66.7590,walk-into-authored-trunk,-222.188,-1568.546,62.543,112.500,-94.920,264.286,-231.677,-1604.497,-19.071,-213.377,-1565.709,-22.558,1.0000,0.9375,-243.280,-1581.681,53.605,-199.591,-1566.368,52.241,0.8895,0.0000,1.6000,1,-100.000,550.000,0.0000,0.0000,0,0,-199.591,-1566.368,52.241,0.000,0,-1.000000,1.000,28.924,-1.000000,0.0000,0.0000,0,0,0.000,1.000,19.607,-199.591,-1566.368,52.241,0,0,0,99.106244
480,66.8985,walk-into-authored-trunk,-223.672,-1584.190,62.543,112.500,-95.714,263.399,-233.950,-1625.050,-22.424,-214.409,-1568.528,-22.270,1.0000,0.9375,-245.731,-1587.381,51.246,-202.405,-1592.412,51.540,0.0204,0.0000,1.6000,1,-100.000,550.000,0.0000,0.0000,0,0,-202.405,-1592.412,51.540,0.000,0,-1.000000,1.000,28.924,-1.000000,0.0000,0.0000,0,0,0.000,1.000,19.607,-202.405,-1592.412,51.540,0,0,0,99.104009
481,67.0576,walk-into-authored-trunk,-225.634,-1601.953,62.820,112.500,-96.601,262.285,-235.608,-1624.967,-22.171,-216.974,-1602.056,-15.695,1.0000,0.9375,-247.967,-1595.008,53.854,-206.108,-1619.473,55.588,0.1693,0.0000,1.6000,1,-100.000,550.000,0.0000,0.0000,0,0,-206.108,-1619.473,55.588,0.000,0,-1.000000,1.000,28.924,-1.000000,0.0000,0.0000,0,0,0.000,1.000,19.607,-206.108,-1619.473,55.588,0,0,0,99.101468
482,67.2520,walk-into-authored-trunk,-228.464,-1623.699,62.820,112.500,-97.715,260.728,-237.304,-1624.531,-21.917,-222.190,-1655.372,-16.443,1.0000,0.9375,-250.783,-1617.341,53.681,-209.201,-1640.811,55.328,0.3521,0.0000,1.6000,1,-100.000,550.000,0.0000,0.0000,0,0,-209.201,-1640.811,55.328,0.000,0,-1.000000,1.000,28.924,-1.000000,0.0000,0.0000,0,0,0.000,1.000,19.607,-209.201,-1640.811,55.328,0,0,0,99.098349
483,67.4045,walk-into-authored-trunk,-231.075,-1640.609,63.086,112.500,-99.272,259.252,-237.977,-1624.128,-21.849,-226.704,-1684.805,-21.851,1.0000,0.9375,-253.171,-1643.728,51.874,-209.986,-1648.988,51.954,0.4947,0.0000,1.6000,1,-100.000,550.000,0.0000,0.0000,0,0,-209.986,-1648.988,51.954,0.000,0,-1.000000,1.000,28.924,-1.000000,0.0000,0.0000,0,0,0.000,1.000,19.607,-209.986,-1648.988,51.954,0,0,0,99.095915
484,67.5611,walk-into-authored-trunk,-234.215,-1657.976,63.086,112.500,-100.748,257.460,-242.220,-1652.413,-16.684,-228.917,-1685.665,-21.747,1.0000,0.9375,-256.551,-1670.571,55.346,-211.181,-1656.435,53.676,0.6417,0.0000,1.6000,1,-100.000,550.000,0.0000,0.0000,0,0,-211.181,-1656.435,53.676,0.000,0,-1.000000,1.000,28.924,-1.000000,0.0000,0.0000,0,0,0.000,1.000,19.607,-211.181,-1656.435,53.676,0,0,0,99.093405
485,67.7128,walk-into-authored-trunk,-237.262,-1673.823,63.374,78.120,-102.540,255.347,-247.691,-1684.241,-13.100,-231.026,-1689.827,-21.515,1.0000,0.6510,-260.048,-1688.121,57.368,-213.615,-1670.224,55.345,0.7403,0.0000,1.6000,1,-100.000,550.000,0.0000,0.0000,0,0,-213.615,-1670.224,55.345,0.000,0,-1.000000,1.000,28.924,-1.000000,0.0000,0.0000,0,0,0.000,1.000,19.607,-213.615,-1670.224,55.345,0,0,0,99.090982
486,67.8679,walk-into-authored-trunk,-233.037,-1676.563,63.413,30.196,-104.653,252.610,-245.084,-1692.764,-14.945,-226.605,-1688.857,-21.555,0.8627,0.2516,-256.349,-1688.207,57.266,-209.725,-1675.664,55.545,0.7794,0.0000,1.6000,1,-100.000,550.000,0.0000,0.0000,0,0,-209.725,-1675.664,55.545,0.000,0,-1.000000,1.000,28.924,-1.000000,0.0000,0.0000,0,0,0.000,1.000,19.607,-209.725,-1675.664,55.545,0,0,0,99.088496
487,68.0016,walk-into-authored-trunk,-230.045,-1678.682,63.441,27.019,-107.390,249.819,-243.735,-1697.972,-16.757,-223.568,-1688.941,-21.834,0.7720,0.2252,-253.739,-1687.646,56.785,-207.194,-1680.497,55.317,0.8095,0.0000,1.6000,1,-100.000,550.000,0.0000,0.0000,0,0,-207.194,-1680.497,55.317,0.000,0,-1.000000,1.000,28.924,-1.000000,0.0000,0.0000,0,0,0.000,1.000,19.607,-207.194,-1680.497,55.317,0,0,0,99.086359
488,68.1527,walk-into-authored-trunk,-227.037,-1681.134,63.473,25.949,-110.181,246.622,-242.795,-1703.299,-18.023,-220.346,-1689.002,-21.869,0.7414,0.2162,-251.022,-1687.824,56.374,-204.826,-1685.190,55.084,0.8422,0.0000,1.6000,1,-100.000,550.000,0.0000,0.0000,0,0,-204.826,-1685.190,55.084,0.000,0,-1.000000,1.000,28.924,-1.000000,0.0000,0.0000,0,0,0.000,1.000,19.607,-204.826,-1685.190,55.084,0,0,0,99.083942
489,68.2994,walk-into-authored-trunk,-224.284,-1683.550,63.504,25.138,-113.378,243.566,-242.223,-1707.453,-19.225,-217.228,-1689.507,-21.886,0.7182,0.2095,-248.348,-1687.686,55.982,-202.958,-1690.100,54.890,0.8729,0.0000,1.6000,1,-100.000,550.000,0.0000,0.0000,0,0,-202.958,-1690.100,54.890,0.000,0,-1.000000,1.000,28.924,-1.000000,0.0000,0.0000,0,0,0.000,1.000,19.607,-202.958,-1690.100,54.890,0,0,0,99.081594
490,68.4435,walk-into-authored-trunk,-221.761,-1685.999,63.534,24.600,-116.434,240.624,-241.682,-1710.925,-20.547,-214.044,-1690.250,-22.110,0.7029,0.2050,-245.549,-1687.632,55.412,-201.423,-1695.008,54.529,0.9025,0.0000,1.6000,1,-100.000,550.000,0.0000,0.0000,0,0,-201.423,-1695.008,54.529,0.000,0,-1.000000,1.000,28.924,-1.000000,0.0000,0.0000,0,0,0.000,1.000,19.607,-201.423,-1695.008,54.529,0,0,0,99.079285
491,68.5867,walk-into-authored-trunk,-219.422,-1688.500,63.564,24.183,-119.376,237.768,-241.418,-1713.806,-21.777,-211.026,-1691.116,-22.503,0.6910,0.2015,-242.902,-1687.637,54.788,-200.492,-1699.890,54.123,0.9313,0.0000,1.6000,1,-100.000,550.000,0.0000,0.0000,0,0,-200.492,-1699.890,54.123,0.000,0,-1.000000,1.000,28.924,-1.000000,0.0000,0.0000,0,0,0.000,1.000,19.607,-200.492,-1699.890,54.123,0,0,0,99.076996
492,68.7258,retreat-from-authored-trunk,-217.314,-1691.014,63.593,23.812,-122.232,235.045,-241.023,-1716.031,-22.381,-208.095,-1692.277,-22.539,0.6803,0.1984,-240.171,-1687.640,54.616,-199.873,-1704.607,54.214,0.9590,0.0000,1.6000,1,-100.000,550.000,0.0000,0.0000,0,0,-199.873,-1704.607,54.214,0.000,0,-1.000000,1.000,28.924,-1.000000,0.0000,0.0000,0,0,0.000,1.000,19.607,-199.873,-1704.607,54.214,0,0,0,99.074768
493,68.8682,retreat-from-authored-trunk,-212.632,-1686.657,63.593,63.510,-79.550,232.313,-211.424,-1727.094,-21.423,-207.863,-1669.529,-21.012,1.0000,0.5293,-233.223,-1694.746,52.272,-189.678,-1689.685,52.749,0.0343,0.0000,1.6000,1,-100.000,550.000,0.0000,0.0000,0,0,-189.678,-1689.685,52.749,0.000,0,-1.000000,1.000,28.924,-1.000000,0.0000,0.0000,0,0,0.000,1.000,19.607,-189.678,-1689.685,52.749,0,0,0,99.072491
494,69.0156,retreat-from-authored-trunk,-203.944,-1675.638,63.593,101.250,-35.297,230.675,-187.532,-1696.067,-21.301,-201.087,-1667.248,-15.318,1.0000,0.8438,-220.354,-1692.146,54.518,-179.507,-1666.692,56.214,0.1587,0.0000,1.6000,1,-100.000,550.000,0.0000,0.0000,0,0,-179.507,-1666.692,56.214,0.000,0,-1.000000,1.000,28.924,-1.000000,0.0000,0.0000,0,0,0.000,1.000,19.607,-179.507,-1666.692,56.214,0,0,0,99.070131
495,69.1638,retreat-from-authored-trunk,-194.620,-1664.087,63.593,101.250,8.689,230.415,-183.166,-1670.524,-21.229,-177.498,-1651.570,-13.067,1.0000,0.8438,-196.589,-1687.865,55.515,-181.741,-1640.577,57.413,0.2824,0.0000,1.6000,1,-100.000,550.000,0.0000,0.0000,0,0,-181.741,-1640.577,57.413,0.000,0,-1.000000,1.000,28.924,-1.000000,0.0000,0.0000,0,0,0.000,1.000,19.607,-181.741,-1640.577,57.413,0,0,0,99.067785
496,69.3083,retreat-from-authored-trunk,-185.222,-1652.667,63.593,101.250,50.415,230.415,-181.404,-1661.657,-21.489,-170.086,-1616.652,-18.853,1.0000,0.8438,-168.291,-1666.961,52.971,-194.911,-1629.858,54.161,0.4057,0.0000,1.6000,1,-100.000,550.000,0.0000,0.0000,0,0,-194.911,-1629.858,54.161,0.000,0,-1.000000,1.000,28.924,-1.000000,0.0000,0.0000,0,0,0.000,1.000,19.607,-194.911,-1629.858,54.161,0,0,0,99.065448
497,69.4543,retreat-from-authored-trunk,-175.814,-1641.280,63.593,101.250,50.415,230.415,-178.099,-1659.017,-21.126,-159.210,-1603.675,-21.445,1.0000,0.8438,-153.732,-1647.350,52.688,-191.633,-1625.541,52.273,0.5288,0.0000,1.6000,1,-100.000,550.000,0.0000,0.0000,0,0,-191.633,-1625.541,52.273,0.000,0,-1.000000,1.000,28.924,-1.000000,0.0000,0.0000,0,0,0.000,1.000,19.607,-191.633,-1625.541,52.273,0,0,0,99.063114
498,69.5947,retreat-from-authored-trunk,-166.744,-1630.310,63.333,101.250,50.415,230.415,-161.924,-1638.413,-16.007,-158.401,-1604.042,-21.373,1.0000,0.8438,-140.958,-1629.837,55.878,-187.832,-1620.800,54.169,0.6474,0.0000,1.6000,1,-100.000,550.000,0.0000,0.0000,0,0,-187.832,-1620.800,54.169,0.000,0,-1.000000,1.000,28.924,-1.000000,0.0000,0.0000,0,0,0.000,1.000,19.607,-187.832,-1620.800,54.169,0,0,0,99.060865
499,69.7405,retreat-from-authored-trunk,-157.350,-1618.948,63.333,101.250,50.415,230.415,-140.179,-1610.069,-13.186,-157.726,-1604.723,-21.530,1.0000,0.8438,-130.591,-1616.631,57.302,-180.006,-1611.336,55.288,0.7702,0.0000,1.6000,1,-100.000,550.000,0.0000,0.0000,0,0,-180.006,-1611.336,55.288,0.000,0,-1.000000,1.000,28.924,-1.000000,0.0000,0.0000,0,0,0.000,1.000,19.607,-180.006,-1611.336,55.288,0,0,0,99.058535
500,69.8874,retreat-from-authored-trunk,-147.865,-1607.477,63.333,101.250,50.415,230.415,-119.313,-1582.832,-18.479,-157.089,-1605.249,-21.690,1.0000,0.8438,-123.204,-1608.907,54.320,-167.517,-1596.166,53.002,0.8943,0.0000,1.6000,1,-100.000,550.000,0.0000,0.0000,0,0,-167.517,-1596.166,53.002,0.000,0,-1.000000,1.000,28.924,-1.000000,0.0000,0.0000,0,0,0.000,1.000,19.607,-167.517,-1596.166,53.002,0,0,0,99.056183
501,70.0188,retreat-from-authored-trunk,-139.406,-1597.245,63.333,101.250,50.415,230.415,-107.012,-1567.533,-21.618,-155.976,-1605.260,-21.569,1.0000,0.8438,-118.628,-1605.740,52.124,-153.344,-1579.524,52.190,0.0049,0.0000,1.6000,1,-100.000,550.000,0.0000,0.0000,0,0,-153.344,-1579.524,52.190,0.000,0,-1.000000,1.000,28.924,-1.000000,0.0000,0.0000,0,0,0.000,1.000,19.607,-153.344,-1579.524,52.190,0,0,0,99.054085
502,70.1583,retreat-from-authored-trunk,-130.381,-1586.331,63.333,101.250,50.415,230.415,-106.312,-1568.071,-21.601,-141.604,-1587.069,-17.465,1.0000,0.8438,-114.176,-1602.389,53.448,-138.644,-1562.479,54.901,0.1229,0.0000,1.6000,1,-100.000,550.000,0.0000,0.0000,0,0,-138.644,-1562.479,54.901,0.000,0,-1.000000,1.000,28.924,-1.000000,0.0000,0.0000,0,0,0.000,1.000,19.607,-138.644,-1562.479,54.901,0,0,0,99.051847
503,70.3031,retreat-from-authored-trunk,-121.055,-1575.052,63.333,101.250,50.415,230.415,-105.578,-1568.569,-21.567,-120.541,-1559.660,-13.103,1.0000,0.8438,-106.939,-1594.360,55.321,-126.946,-1548.755,57.237,0.2449,0.0000,1.6000,1,-100.000,550.000,0.0000,0.0000,0,0,-126.946,-1548.755,57.237,0.000,0,-1.000000,1.000,28.924,-1.000000,0.0000,0.0000,0,0,0.000,1.000,19.607,-126.946,-1548.755,57.237,0,0,0,99.049534
504,70.4508,retreat-from-authored-trunk,-111.516,-1563.514,63.333,101.250,50.415,230.415,-104.805,-1569.297,-21.657,-98.574,-1531.360,-17.124,1.0000,0.8438,-95.365,-1579.949,53.536,-119.394,-1539.479,55.058,0.3696,0.0000,1.6000,1,-100.000,550.000,0.0000,0.0000,0,0,-119.394,-1539.479,55.058,0.000,0,-1.000000,1.000,28.924,-1.000000,0.0000,0.0000,0,0,0.000,1.000,19.607,-119.394,-1539.479,55.058,0,0,0,99.047168
505,70.5942,retreat-from-authored-trunk,-102.272,-1552.334,63.333,101.250,50.415,230.415,-104.232,-1569.727,-21.608,-83.661,-1512.096,-21.591,1.0000,0.8438,-81.683,-1561.165,52.095,-115.921,-1534.293,52.232,0.4905,0.0000,1.6000,1,-100.000,550.000,0.0000,0.0000,0,0,-115.921,-1534.293,52.232,0.000,0,-1.000000,1.000,28.924,-1.000000,0.0000,0.0000,0,0,0.000,1.000,19.607,-115.921,-1534.293,52.232,0,0,0,99.044876
506,70.7391,retreat-from-authored-trunk,-92.909,-1541.010,63.333,101.250,50.415,230.415,-91.088,-1552.864,-17.924,-82.289,-1511.368,-21.525,1.0000,0.8438,-68.116,-1542.022,54.695,-112.917,-1529.976,53.295,0.6130,0.0000,1.6000,1,-100.000,550.000,0.0000,0.0000,0,0,-112.917,-1529.976,53.295,0.000,0,-1.000000,1.000,28.924,-1.000000,0.0000,0.0000,0,0,0.000,1.000,19.607,-112.917,-1529.976,53.295,0,0,0,99.042554
507,70.8847,retreat-from-authored-trunk,-83.540,-1529.679,63.333,101.250,50.415,230.415,-70.045,-1525.859,-13.164,-81.470,-1512.093,-21.538,1.0000,0.8438,-56.755,-1527.325,57.318,-106.226,-1522.112,55.299,0.7355,0.0000,1.6000,1,-100.000,550.000,0.0000,0.0000,0,0,-106.226,-1522.112,55.299,0.000,0,-1.000000,1.000,28.924,-1.000000,0.0000,0.0000,0,0,0.000,1.000,19.607,-106.226,-1522.112,55.299,0,0,0,99.040231
508,71.0127,retreat-from-authored-trunk,-75.260,-1519.665,63.333,101.250,50.415,230.415,-50.682,-1500.719,-15.772,-80.837,-1512.645,-21.634,1.0000,0.8438,-49.308,-1518.954,55.862,-96.607,-1510.537,54.140,0.8438,0.0000,1.6000,1,-100.000,550.000,0.0000,0.0000,0,0,-96.607,-1510.537,54.140,0.000,0,-1.000000,1.000,28.924,-1.000000,0.0000,0.0000,0,0,0.000,1.000,19.607,-96.607,-1510.537,54.140,0,0,0,99.038177
509,71.1444,retreat-from-authored-trunk,-66.770,-1509.397,63.333,101.250,50.415,230.415,-34.843,-1480.264,-21.043,-80.208,-1513.044,-21.782,1.0000,0.8438,-44.021,-1514.400,52.653,-83.422,-1494.681,52.008,0.9548,0.0000,1.6000,1,-100.000,550.000,0.0000,0.0000,0,0,-83.422,-1494.681,52.008,0.000,0,-1.000000,1.000,28.924,-1.000000,0.0000,0.0000,0,0,0.000,1.000,19.607,-83.422,-1494.681,52.008,0,0,0,99.036072
510,71.2760,retreat-from-authored-trunk,-58.268,-1499.114,63.333,101.250,50.415,230.415,-30.157,-1475.319,-21.630,-73.184,-1504.902,-20.249,1.0000,0.8438,-39.999,-1511.827,52.343,-68.970,-1477.851,53.236,0.0660,0.0000,1.6000,1,-100.000,550.000,0.0000,0.0000,0,0,-68.970,-1477.851,53.236,0.000,0,-1.000000,1.000,28.924,-1.000000,0.0000,0.0000,0,0,0.000,1.000,19.607,-68.970,-1477.851,53.236,0,0,0,99.033964
511,71.4218,retreat-from-authored-trunk,-48.879,-1487.758,63.333,101.250,50.415,230.415,-29.366,-1475.838,-21.708,-54.132,-1480.325,-14.483,1.0000,0.8438,-34.225,-1506.291,54.678,-55.313,-1462.070,56.485,0.1888,0.0000,1.6000,1,-100.000,550.000,0.0000,0.0000,0,0,-55.313,-1462.070,56.485,0.000,0,-1.000000,1.000,28.924,-1.000000,0.0000,0.0000,0,0,0.000,1.000,19.607,-55.313,-1462.070,56.485,0,0,0,99.031635
512,71.5630,retreat-from-authored-trunk,-39.750,-1476.717,63.333,101.250,50.415,230.415,-28.752,-1476.379,-21.626,-32.631,-1452.223,-14.212,1.0000,0.8438,-25.149,-1495.287,54.805,-46.132,-1450.915,56.643,0.3082,0.0000,1.6000,1,-100.000,550.000,0.0000,0.0000,0,0,-46.132,-1450.915,56.643,0.000,0,-1.000000,1.000,28.924,-1.000000,0.0000,0.0000,0,0,0.000,1.000,19.607,-46.132,-1450.915,56.643,0,0,0,99.029371
513,71.7077,retreat-from-authored-trunk,-30.431,-1465.447,63.333,101.250,50.415,230.415,-28.190,-1476.846,-21.430,-13.704,-1427.498,-19.868,1.0000,0.8438,-12.444,-1478.333,52.611,-41.070,-1443.886,53.549,0.4300,0.0000,1.6000,1,-100.000,550.000,0.0000,0.0000,0,0,-41.070,-1443.886,53.549,0.000,0,-1.000000,1.000,28.924,-1.000000,0.0000,0.0000,0,0,0.000,1.000,19.607,-41.070,-1443.886,53.549,0,0,0,99.027060
